3729:
34822
867964
373:
2019899
543164
3730:
1165450
981624
914503
2523237
660580
904965
335628
2039337
2604511
1590645
623957
1119908
2172121
892157
310509
753248
1754045
1254903
2422197
2288343
2108400
1875943
1289715
2114707
1713873
1620018
2200635
916601
495123
2355892
2530845
2535824
391869
1555652
1183110
950279
188414
2166860
2386788
2555325
612978
2589557
1168672
1118884
662870
1991757
93539
733012
1942263
1067223
1745804
960032
2038141
219652
1560413
2199802
734541
1214502
1454199
751312
2489752
480239
1831946
2096981
29519
1135036
2426008
293848
2089922
2031776
1154832
2007926
1273220
160248
1829961
1862382
2261758
908480
1795979
791521
1069119
1043801
993846
85382
2559017
1495288
25949
1869307
1821235
1929813
1946517
736550
883952
1947240
2004073
1059761
1123128
1703309
2103486
1392840
1715949
333480
2032988
1112800
514601
1256946
852694
919086
1112577
2504904
1478337
533366
1275732
286673
575323
2050576
664
1219647
2560372
2544772
1836557
1129328
101446
494703
1008222
1326319
915399
838768
1787474
2112501
519922
2523232
1831195
187818
810218
1871063
2598730
1761932
1833663
144781
774369
1531344
2048673
1511292
446068
457477
2384689
940358
2159654
850190
2345427
31743
337291
584354
1614757
2187344
1728931
1179440
1840383
774533
1224519
983389
1024582
1533848
1754481
648868
2117341
1969210
537515
2632651
1473392
557646
1262590
792901
1673995
1224870
1731944
398927
129554
1912565
1288427
2619785
1591494
1702206
1510947
2458866
396984
1315765
1410903
1443537
2508922
257034
606910
2531507
1546190
2206690
1175009
540670
468246
1236847
2620046
2266549
1400198
1908379
2393050
1772127
1212514
2527744
605433
2177165
2243878
1036405
208508
1801660
1788688
1511328
2578651
2042511
627342
2309409
2352310
254703
254671
617878
237970
70348
2382970
1768988
325323
1322233
869601
1271012
668178
2587757
941651
1662101
151571
819007
937507
970995
1058024
1406123
2503188
996015
2601672
560880
645049
1808911
1964802
1075722
480089
1538659
1032619
300929
1890109
1069643
2153361
953409
1890832
288209
2275859
125537
275181
163887
2508553
272374
462324
1354442
2415782
1635585
1751919
258840
1927242
1072936
931435
1718342
1231722
604159
714479
2289332
1306465
6310
2322927
503239
353233
2477277
1536812
1661398
185623
498550
359235
1248167
2069466
2457004
1758339
2440685
1102415
1042061
1859590
187403
1812055
332840
127419
925365
2338062
680098
2549345
2552360
1486764
1634899
809680
1503382
519376
913208
2410390
1686590
911238
897950
453473
988410
1835063
1865114
805836
109987
1089460
906808
1541962
2543907
1136832
172258
732085
1949498
2615488
435039
119510
1309767
65760
1738006
264360
2614010
2355603
1922842
2192647
2415423
958396
2422474
1849394
1012648
2216510
1669060
1400214
2527555
1063938
367223
1239562
2024621
187666
589471
57344
1026933
2234830
1650119
1847717
393763
2381476
1702220
534668
2134385
928882
2070471
838568
2543678
733620
2636989
1846669
1071407
1996664
416274
1970826
2058533
1464733
1047326
377801
271564
1817864
1597380
1666703
2046572
2285847
2562305
297874
1679567
1394126
2331005
2060807
1826167
2485577
1388703
472636
2137730
2164204
1822092
1387418
2425086
14868
2588376
400643
168590
653771
39427
645934
323983
179050
2179088
2275994
1409787
1461887
1677101
2095365
145299
576978
1052855
1803923
941409
1709516
2611893
731355
78214
2509743
1432323
1448487
1051191
2595353
71123
218783
1634482
979175
1838204
712221
2436280
2132978
678518
1989819
1049193
1998062
1860251
158601
412325
707115
2132935
2498990
1471220
1308385
245102
1609646
1519936
522020
1216613
1511121
595229
2179525
2523250
1334079
2626165
1845131
1043398
681823
1162031
2470601
2241027
1188119
1726836
1426050
1239202
244014
1601972
1851564
1724242
736013
841395
797896
284390
1731137
206400
1155147
1360758
2340884
1785608
41890
2514069
1351678
315380
2009582
697825
724725
880697
1933648
1780038
1671572
306624
876300
298244
2271511
162218
108045
1575263
1914292
2649059
1858693
911845
388642
2572512
552063
158345
1231218
1866089
1376862
2283401
389195
1039242
2625405
314356
2054904
1230111
1316893
190067
1709353
2559197
980257
1314857
1055228
2345097
2517313
251541
1330148
1281683
1626771
2217693
1305352
2342439
68116
340447
1073265
252367
1284305
378872
1619254
453802
351819
1280843
1793673
1048414
631370
438512
2628526
1173421
2414585
1261881
1854193
538745
2286974
1538722
2436551
2199762
2037556
2339037
479092
55969
103457
177137
2643613
246002
2148611
775560
2355597
644988
327808
2075270
184700
660385
810159
659563
329695
1538065
1085622
25309
2450846
620163
1330941
172883
948082
1571999
1154786
1368358
1660468
33
2203515
1328204
1340129
2010540
1007980
2052544
2445439
1646311
1436149
732648
1822560
774168
1663379
905130
788890
2512095
348569
599971
894909
354439
1295810
2158447
2632596
92406
2154282
2083795
2441257
410558
680861
2039911
1381198
1278161
562317
1919986
2542754
1227110
1285394
1418854
115391
1242643
1599079
8973
610995
1769465
106163
784771
2218587
816755
1519765
179128
1031658
665853
120709
1845125
2174791
1645238
91150
1477671
557428
483430
1306836
1915179
1040342
2448547
786040
1028935
2412135
2080557
1042510
1388520
2171557
1112764
1069792
1265908
1439547
1041597
1400440
2457697
1222056
1314332
260961
1827698
1123053
498431
624396
1405442
511836
2467806
1533185
351300
2243940
1401991
1979289
456856
1160328
882704
721094
356882
242707
411457
731610
914393
551929
60269
814840
1767607
1068249
747986
1922196
1736395
315162
1467529
1118096
1384847
411271
269639
807329
1232521
2528060
699044
2070971
494740
630812
400355
2025647
1222252
2551874
1515418
2184868
1794065
193054
4983
2352412
3732:
1187125
1773850
390288
2151690
3733:
2552627
1775642
2065126
2646742
1230682
975225
1182875
2400812
457829
854239
1162252
453049
1215591
2306618
1306051
267988
2126733
1305994
1455590
1628162
2076972
1167774
687058
340702
1180194
1402800
621805
2633095
2392213
1381566
2328619
154271
1903645
1701859
2509754
739992
296319
938021
3734:
2217874
1764558
1115730
1766023
684056
1723547
2057462
1910089
1645346
627721
1772743
670527
1072760
2003928
1354717
1925099
3735:
1037424
362399
80124
1841602
35036
748007
1478036
525092
803868
122729
1859867
652403
341111
1517920
1684854
1459222
186421
753959
505535
2288433
1446318
1706720
1408974
1357705
2182599
1017202
3736:
18929
670931
1659866
2287286
1645595
1952472
2418930
2204068
2175920
260918
1000678
2530046
33904
1044356
1517810
200923
401112
2148705
1727143
1103501
516796
489927
2142197
745196
1839198
749827
1041219
1885290
1924674
874435
1450133
118982
2067503
1274599
142887
1032909
1534471
333566
1490468
1541962
762232
38998
2504422
93673
605767
1136835
1681331
595568
1897229
2437156
2270985
1558207
678501
2549686
1681135
485360
1374049
1914028
1375030
1783786
2600956
259389
1062526
581865
149576
1955413
1831944
2217077
440506
2608860
1249656
471993
1577746
976345
1925228
2310805
210684
837396
2637018
1932409
1112553
661560
2257141
81439
33109
3737:
997944
1940836
2186583
150900
2261933
2046796
166398
2312720
3738:
1783202
1582464
3739:
2535052
721617
2400038
1229876
1008633
1486008
2458526
388418
519744
329334
1299817
1183309
813694
2364655
275444
613176
1876896
2051709
2272654
103211
50653
1995860
960609
634278
2586571
1414684
1598190
1082804
937200
2542702
340330
2332688
2495732
231933
364376
998483
1036620
1390438
517329
645522
2025682
448355
744875
2557596
1370563
374:
2085787
2433425
2114263
910956
113090
980829
294809
299990
853868
217444
218637
1247404
1527104
2564438
1744144
2475324
140812
16272
1912902
2158199
2149241
849365
988959
1421792
631137
374008
629788
2595834
774088
2143500
799940
219336
3740:
2300307
2214172
1142564
977798
595054
387684
297375
314952
162368
1791768
1773272
663606
2444042
1014814
1861710
817440
623512
2016752
2147223
489391
1043807
1433433
846324
1031993
99512
1380365
696079
1525919
1949167
1319927
1269835
2224349
2365617
125448
2412742
578521
1641175
2126810
1475752
708105
896689
328541
1387721
