10063:
2646124
1059193
2498639
2232100
846288
1891279
326040
2220804
1147138
477002
278598
1085817
1989258
1227162
10064:
66853
2242375
867948
10065:
2644587
1866984
311779
1022903
2245995
2030254
443483
848170
1615808
2543696
1973962
379292
1693955
337701
2489253
937678
2139616
517128
2150901
2092667
650570
1345167
2317837
1708462
1484075
2043181
579834
501340
210750
904331
1009543
1573062
704521
624813
1777165
1257571
10066:
1544919
1712360
964645
608114
1943448
10067:
1747200
212759
1678519
1025440
2400195
2331378
1715415
10068:
2169183
1200359
1477194
1861603
1516386
2217808
10069:
2140139
1555169
562543
1007:
95090
468346
84508
2202141
2383688
10070:
1611581
2116105
2126134
10071:
2278157
2608100
653321
461910
2509839
993168
347785
199585
968059
2469183
703853
945346
2199353
210214
2409797
314571
1816577
2284829
846392
1283406
2065735
10072:
1721684
948069
747395
1541854
2436553
2639141
152517
968466
852660
2332407
2149025
1985518
2563564
2436530
1568641
1045844
803093
1110245
809336
2091440
2640363
2613974
2227829
184077
2424227
504418
1824701
1056337
342854
1997031
2112651
1784778
1543077
2149554
2534017
512410
2247429
1185627
1168032
272211
1603497
1563172
1141163
539873
82243
1331942
1015971
2446058
339113
1957036
2550829
686487
786404
2523066
2036100
781293
265463
2215126
2046509
2256692
1327637
612163
1084225
63275
585989
1776577
445177
1695902
1322878
2202369
1656679
2011431
598595
2424941
10073:
855860
770122
2027058
166603
2524705
1027050
1842060
99477
1754430
1128682
2077354
569739
1064540
844651
285476
1762872
1566161
10074:
2008983
879596
165823
1606342
1152053
1056823
1810386
2236080
1520576
210601
343906
2265491
1443203
2022092
2535562
10075:
2646449
10076:
2272830
2624371
506736
1429578
2592263
1502898
453610
10077:
1707924
748800
1265934
454612
1274786
454878
302198
57012
600141
835474
1334873
598940
1498624
10078:
2620220
2028757
582862
2116134
1026616
269374
494658
1312224
2549758
2526970
750543
1348849
2239070
200387
831360
1511575
1277733
862584
1363161
157112
1005142
1517627
1362948
1484394
1369154
391799
1066271
1464365
61821
407828
2637925
1799269
1467880
2522590
1423199
1591786
1337074
1782462
2328544
2340228
1845829
98737
2525160
2087800
1666682
1165562
618603
1049221
994077
1368715
1661120
1555116
1506188
227703
1052469
1797293
1348754
2038186
1763857
376221
19641
504600
2371095
650898
2476368
1768815
1203316
733491
2598367
223660
666447
2465826
856134
2282989
1458894
1672647
2293485
327209
1138491
1616870
1876996
34764
373574
1885426
682566
1430590
2359760
1649398
154770
1511121
1994790
948524
2372527
2390409
1317760
1761437
2640070
1358401
2270767
560480
1980603
935078
1661357
166281
1477859
1364173
213865
459386
5668
1611752
903214
853058
1980398
351202
2548357
1718041
1600968
2171203
1839639
2110774
2612992
1855217
2185950
329442
2184389
1378539
2278778
1166444
313831
2267987
2503319
2341546
2057116
2372644
250595
1794406
542683
279187
189661
2501330
934625
10079:
917805
999532
2154688
399926
200206
210481
257648
1352799
44620
225449
1633162
2222433
1287249
539110
104258
2050996
1072799
1184502
1631358
1612760
2117566
1008:
32950
2518523
1733072
1619646
2620565
574670
124611
1968788
1791274
127088
355479
2397671
1014716
294890
1631646
489973
1827918
1955755
1691141
1245082
2020320
264360
336778
1468951
2567695
1296980
2387637
1027103
799650
2059956
1301605
1087747
1089037
2488249
9781
1927403
2276942
1695122
2258412
1614163
10080:
229220
1296825
934140
2518320
683880
1409611
2324522
1515269
650808
624334
1015960
181985
1658683
241712
477696
825966
835771
10082:
67679
2105693
1484526
2032893
1088027
2015749
1137317
830280
1241315
198422
643328
1293235
466806
382161
419321
216007
1250282
1340743
2304761
1673125
1580477
918917
2288573
1817656
2469232
2030080
353168
2369595
604571
201208
1354635
285477
242417
1756727
391409
1654268
1358071
2418164
2167413
337217
1594978
1998673
1593823
2340881
392878
1471629
1901834
1641213
1519355
2287563
2269057
1048624
616307
165288
1204667
174767
2440869
818554
263799
1821403
189653
2328512
286846
1181191
18216
1329009
1330671
2399876
1323351
2038558
19289
1311389
169259
748360
1989766
28039
1942078
167693
2324454
1852311
609911
957591
2342930
1335502
702829
1737878
1684749
42380
1343922
707124
561460
2195485
2592516
1633578
801669
1810822
1194465
219406
1926993
2384501
1419417
2467784
2087722
468834
258474
2531296
606276
1664044
316378
2411249
647538
236634
644638
1983066
1478112
2478582
1987742
1698774
1390906
1099878
2268839
2346925
1427226
1225317
762412
2629402
380344
900180
1984749
1802819
872853
278634
76625
455711
2290292
1692450
294482
45032
1037555
1892141
1417763
991411
1896934
1672017
562069
684907
2571924
1864592
316946
51142
1121814
183252
1106681
1241798
2578354
867532
117115
1401071
344377
270931
1517718
1462097
512722
2158566
1911726
53303
2332377
2262588
834700
266595
425075
1103615
2545151
1907648
718090
2169111
997397
1224354
1822864
1513647
1551815
360613
1291346
1898663
1789040
2501565
2501042
1889935
2456321
2146322
1867069
972301
128962
2487763
186011
141215
857633
331721
1513337
519437
788801
921902
938836
1577940
492287
1315801
2491076
284172
1625671
2507690
927899
1778612
659603
984538
2350973
2522709
2377918
233647
2239148
1986676
2467598
419556
2474427
599723
1213996
1325550
1217445
1517952
10083:
939390
1128494
2517616
1752856
1417447
2527611
464815
652692
2161939
2218833
813694
1430552
1256963
1886834
376589
1139743
2527168
458392
750646
894205
439535
582722
1371696
1271675
1237465
370622
2499730
2458694
27675
2162572
2626914
10084:
405427
1756658
872398
2271220
166456
1415218
8336
236368
1422520
1072752
643292
2188435
336674
1260180
136807
1407851
752731
345191
745565
2152889
1226029
1755011
897881
63053
644558
1764459
227494
1575511
1245452
884500
1140367
299926
434339
720958
1184111
2614696
1915438
2451959
180222
1121775
396526
780444
2251346
1447720
10085:
703763
940556
2337151
2392090
1124270
1591560
54355
2220597
449440
40391
10086:
959126
2219036
10087:
375337
1049398
94719
157954
1480539
22133
1990078
162756
49355
2508097
2316429
605405
2379439
87909
431566
690000
10088:
1308505
1563881
158563
1048939
527634
2631668
1888501
1714428
1087650
109659
992679
1789926
415955
2326499
1113228
1628738
1913235
1472878
1050731
997332
1003143
1936544
1826689
2625943
1559911
980393
399689
2361532
37929
2025153
2478568
1088677
2576676
1714142
982776
516787
2325139
2393759
1995832
1865751
1614055
1457462
1556388
2335450
2594473
2181764
1982763
1875632
2302111
846574
2092301
1265878
1091833
453270
2539892
161964
777787
2191084
2438141
474247
692569
1385029
278223
349217
800638
843016
552159
1259166
2066795
1772940
397637
1763142
516433
2568024
76207
2484805
1192843
708785
2596315
2455437
1592001
1525552
671745
280962
2395053
2404849
272222
748801
121271
611287
731761
1463092
652297
359637
1079413
873369
2531020
2070536
741463
595799
1410211
2269323
2125714
1745000
809684
692230
879475
1350353
1072531
28346
359345
788441
1088013
438590
2039197
620850
624468
1381014
984002
1038814
405658
2139777
10089:
662823
1693997
1985602
2345955
1205751
1009:
771276
10090:
546726
1586837
332198
1379079
957953
1819779
1157016
2606628
571514
153301
1903095
2258395
642625
675374
874634
668240
916421
1205750
2202570
389498
360295
898519
1253426
1125189
744441
1679271
10091:
278568
1662187
1945220
151227
10092:
1404357
2170522
664256
2637702
1407307
1540482
1437035
2239532
668597
300819
215259
10094:
1188847
233058
160977
1828647
825904
947651
845196
1061602
1535959
490534
1434078
2412766
49768
187246
258366
540427
2448511
604086
940748
1924005
887234
39024
2525559
2048896
2234779
776980
2139710
2484321
2280894
2571914
1406587
2520829
1578668
1018107
240403
473399
626868
2284986
1296813
2598110
2120110
496440
2325074
1174715
1545082
1437226
1702907
2137336
1741391
560834
2301646
443440
606160
1099321
1124217
963711
2118460
340784
147205
576440
1764898
1100308
506230
1666184
1339504
632060
1084822
748763
2403666
1292958
1521705
91150
217835
1325083
191858
2498084
2384696
10095:
880039
979
1146509
1041412
62801
1983493
1647549
2208807
2488843
1577198
277858
2195610
1859163
2638666
1148126
675639
2311676
925061
2300816
254766
533445
2563776
2258425
833293
1708093
2079622
1351211
370263
151192
2351930
2190231
1222995
1304750
2601856
607862
2384318
1039775
1500640
656423
2364835
670488
2629374
1851680
1756375
462751
266493
2512180
2300176
1754362
2467063
2347324
10096:
565596
352740
537085
2104526
2296897
1620113
215385
844899
1448808
244360
307601
849618
1366677
1788628
1060246
2503865
354964
1591355
265080
1148888
2258084
1903035
1003019
1324587
1227148
378924
1836477
334658
1171174
701925
1393748
1470644
1186032
500413
1885932
318752
2554937
1478491
2264741
527018
935252
2355326
127934
459404
1640458
758500
1229701
1868905
2554637
1054433
2348445
757773
1566569
3053
1862897
219925
888436
2081761
332192
815696
410129
91036
659611
2538397
1607931
25233
1998037
10097:
987345
2468875
1037533
938703
1224959
737514
240869
298084
103889
255531
1226449
160892
1693787
1840613
462292
1818906
127008
818982
198630
240694
166267
1631069
2558578
343929
326858
345444
1983147
691208
2620516
1395175
10098:
97745
1259636
2369255
1855379
1037808
1791296
853788
10099:
2455256
2519214
2635437
2337346
2335075
1962908
159847
437074
80947
101:
330551
1777623
1151314
812892
2093536
315550
1010:
1146212
10100:
2324555
2360507
1539212
1105663
1842677
1721751
2434170
794874
1233297
695070
2143367
10101:
74841
380135
2092613
546941
2618683
1141923
395826
2160684
2255687
2388691
293374
1804140
1797672
1301746
1149299
793082
1331438
1767864
1875936
671801
305901
2497410
2349409
1486735
489119
468193
1176502
886345
10102:
368343
1331469
1971789
2399471
2051508
845683
1447132
2570852
2188435
211898
1744378
94134
2646238
778170
1923198
1748432
1561564
1354048
446310
449655
10103:
1590111
654502
873881
1320926
474648
1952473
2029890
142244
2148425
2443898
545432
98179
1119016
253168
980693
1355950
221857
2412881
1404024
2018034
1298319
1099506
511613
1521539
2236520
1138907
267880
1408257
567266
1509808
2573624
368065
1056041
2102677
2514777
758012
598548
2562020
395246
1783614
1581136
1202088
1789345
1461717
1637962
1665636
379557
1235320
2314380
343177
282654
154037
439536
2539573
1056896
132998
384788
1239467
500929
532586
1432044
2016045
2375550
221211
393550
1969364
474454
1378999
455922
1412058
1758289
562704
2426498
640263
2611467
1698636
2057973
1143539
10104:
579875
10105:
1051186
2545999
914059
544673
841235
814989
122726
1062102
1880295
1577724
324168
503333
1253624
2558951
2331848
2058799
2490259
2581032
1748663
986502
874505
2306618
394039
1115054
580688
1456139
2442177
876427
870590
1225693
389670
103484
583134
2632525
696860
379485
2289636
227437
1832780
333272
2436280
1844761
2205544
1353854
119361
1917373
1443472
1952583
857668
2238510
1556090
2603928
816037
935344
1918682
770129
883247
431725
2624437
1042459
442954
142543
1141463
90807
2334295
1065885
1949852
324754
1843728
1751501
2207967
242146
438763
797133
445045
1931285
408189
2158458
10106:
1946174
1351959
212759
2082078
1027103
164303
1806932
10107:
1767208
1775841
1179784
1964378
1461767
406122
936167
740582
52747
1649232
1387987
10108:
2348342
1648017
330221
10109:
2269854
1285978
1171375
1976232
225729
2135891
1016909
803322
1216326
2535874
2556523
809353
1782687
1817187
1011:
2082617
1314997
2246439
1222245
531398
1375578
1005940
415580
2599883
2624550
2238103
1297249
19508
2535505
556776
480419
1878679
1163892
2148643
346909
2161814
100482
916792
2190059
1101324
234115
1911308
73677
2000801
796610
1343042
1361441
205987
2582004
1886719
2637327
542320
947748
1797811
1248428
2455508
22910
874797
2036051
2057066
1504130
580374
2054810
66352
59218
1658868
2306170
1620114
2448252
1387073
2340852
332627
286791
2530843
1037713
2180019
504834
1282292
1093671
1588745
536484
402854
2028180
1686921
876370
471143
1832861
1242108
96836
2594264
589107
1512002
1947280
2185278
2588966
1996893
300296
1778011
523793
1533353
256935
1207868
653610
1712055
2534614
677509
2144810
1126499
1380829
1650804
2226361
2194974
2438614
2595003
2010309
2163863
306009
123092
65094
983572
899284
120943
807878
1738725
812882
2484869
765159
2011398
2002709
1126107
1377158
456680
