2683:
892192
339412
1192595
202472
2684:
2611797
52600
1819123
360787
627082
1557542
1338535
891843
757004
514162
646611
2604932
1738849
1599561
1461367
2145093
2397807
2573183
1329072
648766
2454854
2068999
521890
332468
450716
903260
1762357
654135
1293590
833082
541621
1685708
2349208
1510464
1731902
2685:
518282
2347287
1572181
120820
2629818
660649
2341171
2451622
1292719
1478973
1109678
2686:
678774
769711
1230680
1819880
1532125
958440
430016
2452734
1380656
345398
507037
35903
1651985
862040
885507
587565
416976
1793199
1654642
437372
103968
172257
440666
833829
1519928
2687:
1007983
1331917
1497228
1645328
1710493
1267133
2617844
2262942
2209153
23602
343983
500631
383445
838120
968203
1687819
493069
2091791
2149955
499293
1560425
11985
622357
2324484
1188399
890675
1925719
1502743
1476562
976534
1181468
2231434
4306
1745399
950003
680518
1800019
2057350
1315856
1255913
2688:
1547828
1723799
2230202
1428848
946646
2193613
758704
869235
2137900
2127984
535868
173211
1012642
1680173
110488
695665
2534711
46150
2525134
1048699
850054
1434427
195515
1659480
685488
297192
1994998
1421327
979847
1084611
1270682
1664323
2603788
1543880
774474
2689:
517795
2332620
1809568
269:
177968
856846
2330009
517066
273041
851897
1313805
2381775
1553200
755556
1682543
560351
2305815
452828
2108079
2125668
413120
2598046
1203819
1475186
2124109
1235876
3295
1682356
2243690
531288
2044178
309440
186600
469823
2612336
2217978
474112
2001794
1132283
2339243
1454397
1410444
2201504
2128074
918742
1421761
1048633
2563776
2203259
1373455
405866
190282
950580
1803363
280162
1451140
2553059
716785
1937860
1955025
2326186
714837
989812
470181
917863
649585
1713809
1327633
2472258
496406
1507644
2570264
1217812
1350612
858844
59837
488147
233767
1499152
691682
1675824
454940
2333888
552991
47150
1477014
552433
1489753
2080345
1933986
474521
387984
1123066
32928
2264147
883521
1239313
1017138
2548508
655570
2219578
999452
2136888
396274
843121
2194555
2597161
966983
231608
478679
922400
2114521
1996682
745604
1322931
2690:
1414302
1514244
1029192
1391642
832496
2592489
602425
2105990
1700698
1353728
2498883
2239227
2484971
624070
453268
1951605
612045
165682
2152097
2310292
1873215
1122728
2484505
2288814
2387225
49145
976780
2145497
577173
937847
695752
497638
331202
570184
883756
422853
1613505
2539203
1450403
1149620
928909
2239076
1960633
1772651
2015039
1779385
244240
1700495
933255
1421475
290497
2423160
2420038
1746635
2047531
2068700
1362318
1410036
1899648
503229
823543
1271762
2176263
2352009
606653
1204876
2306258
1449403
1973781
472661
417086
2172702
2002998
1971998
1532125
2061331
2041113
759176
2264527
291597
2044879
544508
1139220
1214893
1163188
1418442
259227
1867481
1004332
2328274
1677180
1722018
2364877
627583
867886
442033
2578555
2122720
913698
1092487
1998986
2266278
1109402
665372
1921553
513692
2225971
728351
2395248
1222999
2102186
561923
2115729
2018515
1513795
1968271
605240
1799048
2213165
1820291
728660
382762
306004
2460969
2236705
1630897
827934
735260
1084027
1161363
360379
406233
951113
2487011
1667495
1009110
995591
250974
1030153
1200323
971424
1015526
1837038
425907
2039645
1480219
169202
2467656
543652
699207
1402088
1943605
2627502
153632
488279
1382578
2587757
220462
1482350
1604774
1112137
140041
1304794
1183907
1867376
2377860
1087013
1344766
849895
2038260
1556199
2455508
367041
1483749
2111774
1160141
1361719
85165
1359587
2102761
22750
1623193
2093109
1867825
1605014
2056437
820151
2043975
1015048
1348734
2569393
617299
841527
2419108
117701
688888
1701724
477343
2469121
683823
331173
2128516
2318461
420973
484978
1346274
1284898
1989573
1942678
1785861
1418290
2281332
1888568
2274802
94864
546977
1469340
610432
2052390
1248145
520072
2310662
407736
2291448
2253792
1138540
2419225
894790
1364322
1324775
2261381
1060052
819737
1269491
1497274
1130773
1835833
1643156
2204381
154504
1764960
2269084
25313
56859
290300
1993241
324844
1938792
2383324
875589
2627783
1134681
1931003
1823789
1808591
1758473
489300
2186201
1584615
601578
2017316
213043
1872988
507688
454569
2254957
1181080
2498017
2069373
1506931
836471
563092
1837175
2296956
2327173
646100
2189266
1689502
1572565
54058
2560934
2366714
2194549
1756360
946378
69375
1185974
1040072
1414311
236782
2542744
659041
1175727
171298
375329
2299762
2518313
1292131
2415030
2187425
1188869
2258238
1567911
31999
1417610
1690855
1145077
2603916
1531186
766558
2531122
707601
712706
353243
2060694
2243977
195287
201681
651576
2169363
682716
2540677
322677
2370485
549888
1517553
2017626
821438
1450827
877207
1117073
2526946
637281
567307
1031916
1463012
558013
1147748
1528869
1127640
1665815
1200702
2597394
780840
2554132
1494998
1229341
2560488
1075399
1693012
547480
1472914
200650
1517565
487611
1240099
2526371
1465436
1667429
454266
451410
2516448
1111051
1821924
1279905
1612234
2244612
304824
1330727
1005343
1644164
516524
1830624
829490
1422302
1816846
1590324
1522335
2162404
2082528
1582427
1923133
650355
2134687
818823
185090
1623608
1774144
1206758
716831
2628498
805485
43568
895146
138043
1400808
337345
668939
359181
1638748
1208055
926247
581730
1090222
1398076
2162356
1991863
190790
1747135
2495176
1611588
276757
1218573
1996389
448507
792068
157905
1723989
679843
1090674
2460783
443493
561325
1466264
1639216
1006546
1783823
1393193
1974394
1431885
446656
1705220
408218
1865997
972136
2426969
1326030
766370
650097
220270
1715313
1039470
1898475
197850
529697
303481
122239
1616425
2591077
2105537
1003850
906153
2629731
1531793
1621241
232924
81343
2194699
1779012
534777
1344565
676250
868877
1946983
1491367
2459866
2067671
2143735
900298
1718564
2009693
2276851
1279298
2199638
2634171
927864
904523
416379
48113
1245583
1334996
582123
1618737
588803
1058648
2462855
90617
376253
1336216
176661
234964
2273047
2453259
1987093
284301
718200
207938
2531215
1232722
1460171
2555684
2099609
366983
1371681
2101410
1331007
938021
2274131
2473374
527395
2380731
1197829
519574
1678718
1510838
1646639
1479560
398079
74858
55764
190791
1034316
1668322
2081869
2212859
2202158
284782
1874076
391796
470582
2412326
482268
253528
2691:
1511061
1208327
1366980
689787
2066087
47940
577485
455752
1078780
682100
1916558
1919910
1261802
2190400
65173
351698
1307954
2692:
568107
2020735
998312
722948
666594
79756
2082857
417039
2314460
2411818
1173877
72543
2290970
1776689
1042478
876255
2163702
738390
2028870
2349392
1198196
619594
823470
231546
1372019
1058482
1594098
937487
1478340
1252008
2579029
689917
1800961
2162015
2693:
2502874
1637237
2694:
51037
1626568
918529
1693197
1656360
2695:
1054680
850678
534881
84749
491
706530
2376801
2696:
1787550
2697:
672980
290295
83576
493010
2404002
2345904
2610349
924370
639269
333273
2197984
958811
2341162
691869
1683293
2335191
632903
2561043
1173733
2386848
2339012
1698770
457692
1396571
1691090
2424905
347057
1924273
2152909
1686562
2366497
1975764
806925
1755262
140090
672872
1311707
2011890
851452
2555095
33096
1989902
785803
250565
315751
2374004
556379
1347733
223576
273513
1889533
2252505
1819096
2648503
375989
1101783
1870452
500353
873235
171756
1891970
2413773
2274666
990523
1782080
26612
1825963
312788
1160430
1763807
22098
1238183
714352
2459152
291798
391240
75923
2635651
1623198
1692603
468774
162061
2046128
220766
553887
240269
1332990
1698181
2423858
651989
15553
540193
821378
1632462
2173780
973814
322092
1966004
1311843
4011
1376990
193774
1587150
391517
1562547
1552917
1435594
844451
2139874
1570329
2023416
1843478
567672
2642880
1314190
2033445
1955072
148382
905115
264261
1927002
1175494
2101011
1007118
1484506
324091
210459
2472157
1879665
2398117
921276
1927690
2327192
724767
2482672
2501788
1550883
2239828
1208129
1926279
2698:
798692
2368775
1736826
764136
1654889
1860870
1806024
116168
583862
2342760
758932
1421324
2115310
1423100
769295
2144393
926355
474539
810370
482427
1590758
1343788
2103555
1069863
215604
434338
2331689
2588019
196091
780149
234141
951707
110734
1623952
2261989
124833
164595
313115
1247524
470755
535056
503480
651787
2333530
652278
1288635
860105
1820849
1226698
1553750
2156708
428999
2221154
436237
1248465
834583
1373118
1772921
792031
2501521
2076972
1325114
1258191
2007424
1827454
973681
159336
2317989
1319927
2233110
2562119
397815
79267
1629514
232424
1116110
2121168
1723353
1419134
639179
1149328
2634348
1382846
728085
1870957
1251173
