4018:
826745
2084710
4019:
2280167
1967935
2299374
38302
1983525
2413874
1322178
402:
1123667
2441034
846686
780319
4020:
1614163
4021:
177425
2620056
4022:
1698900
4023:
1300978
952651
4024:
907495
1299243
1674415
4025:
139473
237263
4026:
1432310
1094621
1214046
514849
671211
1116031
477104
1549264
191760
1350500
831834
1022934
1486391
4027:
1402912
2000205
1056133
680897
527634
1387544
281729
487070
2430300
2295815
481049
921783
1360360
214221
1932255
1708904
460871
1055773
1295798
1917873
2182671
991629
2343802
2042240
63666
1200654
370037
1874620
1516936
197850
2107068
1946157
1399265
2090953
455922
2614568
1337391
4028:
1094578
2353668
991465
2530409
2533347
568415
1669425
2178408
507206
1506616
581311
1611752
1738284
2136206
1640987
4029:
2042561
1593536
174924
878141
485175
1301050
2255305
2331215
2583753
2132538
198014
3458
1048269
368113
680305
1082078
403:
1358
895587
1788259
797123
1060431
672102
1896501
4030:
2162424
1058229
1295263
2043215
1112974
4031:
2451669
2396207
270953
2500557
350539
2063574
603466
2507446
556689
688202
20781
107069
282151
35887
1901906
1255593
1107660
834530
1806004
231413
1932987
199833
2491745
2244033
1234104
2439777
2509695
1682762
1777553
64330
1598219
2460652
909164
2120528
2022092
1429865
259761
83909
1894495
4033:
2474705
1583311
1543292
2619761
429382
1341871
353820
1584066
1635705
804919
2042009
264347
1196094
1424751
2219523
1875704
1509630
1321637
2042175
1617144
2262171
648881
270952
2622904
1210436
115844
1061198
586028
1540724
1562058
1612079
2103167
1818524
2435539
305472
2074282
2009204
343611
1569773
197052
2121810
267832
1717732
1887738
361330
595011
2318097
675414
444593
921732
2274526
2437920
1499823
1503725
1610450
1227602
105027
1676444
2102550
1420600
1637780
2219598
1707260
181373
1165490
606653
1729588
1383601
2589810
2197957
995214
2350040
15044
1324454
1795965
1455810
458244
1756630
2039049
511664
2586150
271366
714559
214571
16477
603243
1477724
569999
2419786
811516
163155
1199271
830370
1954126
1062207
1273640
2059620
256474
2512773
331073
1155319
2617877
2078655
2227804
988864
2552423
1177295
2001640
2592889
1588708
496571
1970847
2050877
691070
1355735
1093011
278189
514584
2087618
326269
1192547
2568440
912254
2286409
1826689
2518742
2538677
2376367
2167058
1958619
1207035
2122056
462113
1789499
1828740
332195
1993979
2263680
2049642
9816
2583932
2188985
2239261
504709
1143837
763291
1638146
54485
77299
486780
177978
234779
152958
1669092
1730537
2515381
1147796
2339356
2385437
491270
121832
1613574
1343223
925061
789339
2087355
2504097
2357713
1263320
2004259
2294085
1070328
2538322
1604321
465952
643505
2017420
228927
185755
175915
513457
945673
2501035
2006650
2039519
42147
212941
1476479
1026507
1524980
2417418
2004994
550015
1627867
2040279
1398275
1357793
2331318
1207238
615773
2645151
755820
1590815
1127091
644374
979219
789255
2432474
833752
2503778
1738296
617409
686146
2179005
336674
240193
2257621
1598010
763840
1335633
1143164
1400087
1654986
206152
478630
404009
809284
469313
1796842
2070267
1383516
684422
2278186
2634811
1676322
632675
1835513
814575
920213
1961791
2267349
2102473
1825162
888773
1576577
206925
1183150
274137
2609036
2449564
2429118
321341
243727
1236209
1207990
1675009
105689
1417273
1066957
1883758
726538
665976
610097
283938
1379312
803835
1740220
651708
1695239
361066
576279
1474258
1691367
2285157
935064
1676685
842721
1928583
989128
1000301
1668927
2315849
1198530
2605778
2099583
817183
2051978
2280315
498766
2413467
424548
61602
496970
863880
2439270
2153021
1645159
375712
2361267
2601476
518058
656148
378591
19405
2315795
1677091
2633149
2057462
168965
2465911
448086
375803
2230114
2396049
2132873
210961
1540493
1794220
786268
2279369
1137449
1933642
296430
1936501
2232476
2127631
931715
1865753
356620
2514229
636256
1214744
2228366
334084
424202
931702
1642926
476061
231253
26055
1510118
2155185
2233187
1317118
1228542
807760
2196913
1630198
94503
2381936
32141
90833
2098959
1075380
1513368
939110
1212585
2196599
749666
2143192
191023
2035735
1592019
2243979
1963630
134490
380545
886841
2010357
162395
2174723
1826956
2592247
250038
1374758
973903
2249534
1276258
1204891
1213379
2022155
1332577
700530
1623642
468432
1388677
2208248
2111228
577740
1313649
188790
306130
842670
914550
1187757
1438459
2078717
957402
1290375
2611158
1735380
810338
166728
250340
2542199
1735514
120151
2312955
439140
2495828
1318337
2233084
1991543
1040848
409310
1815508
1680872
1991989
1311843
1738276
2169034
767061
461155
1125856
565007
1117788
155978
1014067
1665270
677587
810373
533344
125011
2609960
888121
215438
362579
107198
2131203
2459614
2221268
1644760
899064
2493028
307261
573649
1341847
1613548
945117
985718
2603093
1104918
2029073
655175
1257215
2130300
2542378
728714
1537478
1041383
782261
653848
2550038
1121680
176535
22626
1213318
2008987
2211666
2303077
632448
883474
1976233
1950809
1944666
1916179
1522685
883003
943465
2527997
1521460
1726620
2049137
2209445
1380408
820035
240457
666333
257395
238544
2486013
93124
396595
905936
1981970
1706001
2113562
1658366
2096153
242479
2136182
1291633
662095
665100
2405349
1500319
756309
1119267
963905
1152133
2013319
90226
2458825
2539350
1866750
862149
615258
985863
49106
2124339
821399
605082
1094403
442963
162834
2050066
2434534
393278
1867807
152201
1029833
668271
385433
617956
1569103
592293
2021989
1710520
284898
883202
1032501
1210904
2104887
859994
1524299
1768383
1430693
354856
1125927
1894020
214125
1288244
2622824
292335
794246
2585800
2320186
2261766
1633939
2556226
1528721
1533381
927365
675887
2422908
404184
2547937
514241
1033060
893737
353530
1868556
590515
767461
1583135
994596
2060452
156315
479607
1074152
1133932
1532504
2592910
1087780
1289514
449655
4034:
584513
4035:
314718
2423552
1619179
573980
1429169
1621793
79108
1693383
4036:
2330747
1900484
2489485
2614
4037:
1188048
2135101
2601111
2146076
180675
489869
2526913
1817878
2025284
1233239
1650808
134307
4038:
2368714
1041295
91120
1208997
2434592
4039:
1643517
2160456
440142
2307036
1677733
1309323
660072
404:
735560
1859363
1323788
2257890
407525
1323431
16603
562726
4040:
1753685
800367
2236314
857658
924839
1063429
2022272
2362934
2045603
1175205
478280
992181
298051
657181
1739551
349727
627810
438604
1942496
1109402
1220571
1951685
164912
1043673
2072685
1290555
2127842
407252
787981
2493358
1319183
2076358
343765
1223198
1280419
1681719
1934821
2381971
551499
1704015
1787777
1028999
1112280
2519264
1794972
2206458
1714037
2199548
413068
1089949
1828023
2376127
178
1170241
1947565
1587295
1395053
2021020
912686
1703631
710835
1667817
705902
1855380
380295
1425660
1053297
1215870
2320540
243378
2294731
1357107
1724756
364710
2410754
1473822
2601385
875448
974539
4041:
674166
2187497
65733
468508
1178526
210481
251123
549411
489720
350993
1058999
1870785
173269
255784
1337656
919298
8206
1153800
171587
1233193
2553951
2210980
4042:
476119
799308
1967027
2069624
938934
833782
2560372
1785355
1959659
83893
2274152
1996437
1277136
760135
1702408
537311
2199627
2072472
1769897
2178013
294223
1478768
1037138
868171
1938201
829075
2324567
2095490
184992
411852
894679
356006
2465397
1713204
257584
947175
350382
2630145
2075165
1048028
2641523
20350
225817
1805112
2200071
2514970
2405966
1815822
97248
4043:
1754151
793699
35208
704402
1598806
1938950
1674828
823519
1666357
2436755
380963
2084638
1500272
1647202
1895863
1271750
1918266
1794601
1030306
1360119
1232339
263926
2225370
853295
563123
1550430
1866486
460618
489679
1885080
1771345
2153916
1787433
562227
223958
541837
2590175
1224419
1470516
1665456
372560
2561818
2439959
726983
97243
401756
1227082
1345933
2177773
2385799
319783
2296186
1675708
2050516
1765225
2343150
1820419
654558
2407280
212212
606588
1435499
1623836
2374656
2304801
1219144
1967372
1408350
2509936
448635
478597
2404814
2550732
1176310
921348
1723389
135922
620261
757766
95078
2571304
492710
1743047
250879
2154534
973009
1971682
234687
427320
1726178
1039549
1207702
1165204
198736
1471834
60897
381008
2278738
2188212
2590170
720744
2291231
1677180
1079003
1500324
2220404
1645830
2384689
746300
1030871
2306526
2194340
2538976
1998986
2492195
1384166
841202
523162
713275
361304
1598922
2507720
1746923
2562870
2334557
2621171
1245212
1563340
673059
1657245
615092
1541288
352798
299925
875512
1514570
447494
782996
448125
2416391
445271
663334
1769302
658655
387959
1485178
1948496
2053080
1332730
525925
2389713
2482359
2604554
1672993
1811239
2069308
1092028
2542696
2474755
658258
328433
1944902
511306
18108
77299
2580952
2569517
925005
2356071
6979
1279984
1489093
232072
258164
51908
85965
716468
2207163
1074775
2362350
2009338
2437565
1201495
2007722
191725
1513017
535440
302740
490544
1481845
2364004
1386822
765109
2583787
976687
2004327
2204852
2600949
2026681
133289
1686645
250817
1581430
2638045
460068
1415378
1547885
6628
192147
1445224
575288
1351005
245965
989150
2359471
897816
1218111
1303476
1588455
2492512
2155323
2540087
2629109
551696
1608534
500724
1640477
110734
631452
2462692
799373
1262044
2019358
357969
826638
2115217
1636500
2294014
1736023
2568140
161125
2444656
901191
1628948
1282768
2161128
1350147
612115
1730883
