1:
1283744
1406595
1989766
1904905
3:
2081473
475143
2561674
177678
4:
2498512
2434289
2573419
410199
5:
2022147
691460
2300421
755078
6:
1064641
682051
94660
1005654
212870
1254977
7:
697116
1029108
1550847
8:
1484800
884736
757762
268291
610308
955734
1394695
276493
10:
1952305
1531863
11:
697474
1887139
178143
669077
1389422
12:
1080872
2486771
528356
2305495
1568056
2035299
1552874
1494683
13:
615010
1860468
2349173
1195319
2131832
1763541
14:
2160016
1598256
1510242
1140547
551748
1307286
668344
15:
1992224
1471457
987507
1714526
16:
2141441
17:
958464
18:
787968
39939
1671687
2145288
522924
2621962
1636695
350978
19:
1934532
1689349
20:
2219254
1254903
21:
1464729
1997346
476557
2394974
22:
2414681
370642
2275708
2288057
23:
510820
1637213
539249
1514348
1743210
1549483
24:
2370241
1164546
1510915
2063172
1463254
2602696
25:
2058752
26:
708416
1680043
27:
53794
627515
510820
1196166
28:
864258
1820675
1208325
858121
2078731
950289
638995
303812
2424855
29:
1456447
804338
1410644
581490
30:
1236993
638978
31:
772137
1127871
1349495
32:
1375625
2577409
1197717
2576137
33:
1640450
34:
1275617
2617034
1951683
35:
1613378
193925
2165729
1531020
36:
1288960
500866
806891
1859268
913797
1008585
1811019
37:
131601
353906
1901461
2004327
2037457
38:
1600834
2223813
1090759
124169
1584586
2081170
351251
356948
234454
42:
1793075
2324484
1728459
43:
27084
44:
2327278
1301506
1301931
1519361
2145288
583177
45:
474112
780929
36418
2497411
2239812
852293
46:
215808
2521856
2526722
1626628
1823237
2524166
48:
988545
1567234
902532
932101
2358534
225544
49:
787569
782444
478707
320468
688700
2384329
217419
71020
2203485
278798
50:
2188684
1916105
2544332
2614700
454329
51:
2586626
52:
840136
1805061
1591559
1431048
1060617
183716
2078477
57389
763920
377617
53:
2237738
54:
829567
2124535
2211240
469099
823068
621421
2361471
55:
1616768
1987585
2347522
563585
1757577
1487885
56:
872064
1130923
2529285
1193354
1221259
985868
1104400
314385
1433618
2595733
57:
724224
488837
773510
1683079
1211706
1757577
1058442
719755
606605
1559566
58:
302336
1126059
1369093
150022
2345991
59:
2517152
1139393
2404115
2602500
60:
1780748
1301243
659140
1024639
61:
1830592
62:
1560144
2205355
1279892
1362958
981034
2460347
1617228
1431710
63:
962800
65:
2564546
2424335
1973578
932186
1586687
66:
2590161
2225711
1961116
1387358
294433
68:
432130
2058243
1569028
2066696
6409
69:
1211598
1363879
869766
2083174
71:
281344
269440
1048708
776193
1062416
1425873
1532825
2309534
72:
133205
624311
326071
1881705
520011
2199423
73:
2624
2174081
2595586
925635
408964
74:
1411138
974597
834217
1045449
38282
2367330
2314767
1791760
75:
757288
1146715
2232637
1882757
76:
2339330
1649323
2384213
599050
1440013
2363413
128536
77:
2076162
1055236
950789
2517512
1850378
674315
1743874
78:
453376
2308865
79:
1307520
2597249
2088579
1075333
864385
1948296
666633
80:
1083680
2407472
2343652
356598
1582182
431655
2271496
2605501
1151622
81:
2395394
1307286
2469383
451593
868746
1668619
1616386
82:
2053474
888291
2488133
2413369
83:
493569
39939
84:
2092416
406020
466247
1619064
2354642
1657168
332241
85:
534657
551682
2311110
382817
1316043
333154
2011791
86:
463224
1310456
323402
87:
420273
2008542
89:
497920
1714400
1612387
1831972
572230
284008
1089164
246637
2636688
564403
90:
2511202
2411252
2413733
1575462
1076204
1284186
2577231
910342
2082194
982110
91:
40545
2065442
1964163
1445444
1084933
2197697
950088
68457
165516
966156
92:
2353041
1329474
1609363
978709
751329
950730
1895930
93:
1541920
94:
320738
1342116
2424183
1598488
1335620
651546
1336843
95:
1981067
822613
96:
303552
1240258
2100003
380292
922917
1930407
2233289
1154731
1526030
436305
97:
962189
2046977
2239490
2150059
2119172
398853
719878
1029128
1001993
98:
1605107
699741
142406
102:
296608
1356507
693542
1136807
2192681
2196394
103:
112320
351461
1397192
107723
1102924
1460210
104:
2511489
1746438
2631559
1214857
1789708
1194381
941279
105:
639985
1614524
212212
922457
106:
1639297
1069443
1559941
2369799
204439
1984013
107:
1105489
1287459
1105604
120405
1608936
493226
108:
2238466
2254856
190473
1175565
398353
466962
109:
573392
105603
1812500
110:
1326977
156866
1442949
169478
667911
696845
2467729
1084116
2149073
2239067
111:
484352
76801
1941508
112:
1606616
895914
271637
145062
113:
2378112
1191554
1045227
1519621
1295496
1835914
114:
2503473
2332867
2492500
725942
1856598
812892
1551513
1379178
461028
116:
1410819
117:
553216
1342944
551303
895819
1548879
557269
663193
118:
2016265
1926154
1959949
1133583
1719312
1313812
2263064
2125849
119:
681618
2557635
2037527
1715880
1199783
121:
1764736
2585282
1804804
396585
690330
2444604
1791338
122:
1075840
675585
1855364
616455
939401
1385867
1512077
123:
1296705
2410819
1490341
125:
901269
60802
80007
89800
805257
126:
539264
845185
1533443
1352964
371781
2381639
968133
1691916
1454031
1713944
127:
538738
128579
341172
194021
810150
128:
1873152
2111569
129:
1320401
1864914
536245
1438600
2206201
456367
2523165
1495775
1308613
131:
1389360
2060528
674866
874227
961642
132:
2095168
288510
1469075
133:
1067009
12804
1239304
1732365
1346834
2581523
2245908
2024984
2266372
750362
134:
397746
135:
2273616
137:
1575536
1307953
2625362
2324052
1334182
138:
1816320
349187
59397
139:
1390264
1652444
649591
140:
1850737
1306886
836806
194406
1143688
2337369
591866
141:
710930
2476933
2057718
1673064
142:
2459423
2568582
1225958
2388744
2508170
736588
402221
566733
143:
563210
2523147
144:
2118000
1161266
1913123
2250564
1858198
60630
109252
456715
36956
1668293
145:
1960608
1646880
806605
1136519
146:
781889
1065163
2553268
966907
1398732
227150
2502351
147:
2543812
148:
1639425
1006594
624645
816135
2145288
1780748
2152463
1549329
674837
149:
2217024
2243282
2354618
2206123
1527788
150:
642612
854925
1338638
151:
1270320
1356507
152:
1648640
2353154
46084
667141
154:
1631009
387714
1471876
1233287
1340936
1384589
1708366
155:
1105158
1011976
1786378
775436
2609677
768911
178579
92436
1341337
156:
1870082
43779
1199364
461910
2079370
1127944
834860
1328727
159:
2573411
2202187
160:
442192
2266753
2639141
2182983
2441032
1334010
1922603
462957
603088
1082536
161:
1954560
1083137
1903491
2342550
1065836
162:
1499808
1381280
281411
2369179
589285
163:
146658
948645
1156599
1365583
1453339
1850399
164:
1810998
2376710
242441
165:
918529
824067
968054
1807366
551943
2572552
217609
670474
166:
1058304
1602049
925611
1619394
1704459
977932
167:
92161
811011
2236420
168:
2635011
2144708
1569545
2566794
169:
1891282
826147
2250923
170:
63364
2084049
396140
405591
172:
1320864
85299
1835908
1512213
173:
93889
808324
249148
1925623
174:
31810
2377860
190597
2537383
2014482
508555
102572
392738
812814
2331378
175:
2564096
1949696
1359875
176:
891200
1698305
177:
635529
178:
2520037
1628041
875020
180:
2328450
1532971
750597
2243846
181:
2390528
415232
1410819
182:
336849
2442340
184:
2148032
185:
1664193
2027526
2075976
187:
2135552
107012
136197
8198
640520
188:
182528
189:
1881856
2093398
190:
2203372
191:
2478081
2428930
1138691
1032198
335879
1830920
2117642
1355788
1028111
192:
330551
850194
2621367
2194471
1266312
740172
1015611
120204
2527246
193:
608480
944491
522676
1586214
2644217
194:
1832770
1483654
651849
784395
195:
1134084
2468485
1488902
773191
1173193
147082
1488844
1350352
2181139
197:
2211841
1138691
778244
2203655
1949704
548873
2064395
1892367
198:
139648
414976
1743179
2440340
2591433
199:
2222081
533163
980998
201:
348160
194566
1413383
1535447
1227276
202:
2611056
1267537
490882
1143764
203:
22904
1482841
275652
1154909
204:
404577
1694595
463166
1785838
145831
1889242
251790
205:
1974369
390851
78443
2585400
1141714
206:
449536
207:
752545
1676291
1787192
684076
208:
900096
209:
198656
210:
635955
245889
1014363
2521051
212:
86305
213:
925877
1512514
214:
774049
817322
399765
336998
836673
215:
467971
611333
260103
406026
2433547
2247692
582669
217:
1633377
219:
175389
837166
2573007
220:
1309456
54135
1134937
127579
2226380
221:
451776
195761
743314
222:
756598
224:
1735877
225:
1662465
1525764
210949
1268225
1101320
2491913
891914
227:
841152
1116910
266114
1396036
2105558
103623
1141512
2033610
2008011
228:
865768
567948
229:
1446541
230:
2005241
491331
813396
2459231
231:
1401345
161347
921733
1045449
269643
1893901
897360
2045652
409301
1339735
232:
2240742
1709186
2284803
894852
2599941
1214342
233:
1415249
1848775
1221897
1195895
346956
580109
1491487
235:
2460881
1602531
2328565
357482
2376301
761854
1339727
236:
2470428
237:
1642209
403106
926197
105942
2590625
2459624
1874396
596317
238:
2254721
1362091
1916293
989960
757516
1689102
56080
2326289
22418
75028
239:
2092416
238721
1344404
997126
356615
753288
1151241
460811
2581132
240:
1987073
1941509
2297863
534778
1829387
282640
1843219
12052
798229
524566
