10784:
425142
2269636
2452149
6956
1613939
2156781
10785:
2524381
2354884
599346
764653
2023250
1043837
2145245
714343
2340175
1332244
551645
1861747
99696
1041077
972650
1378288
2133136
1673009
1831671
1115601
2245176
178062
937193
1643619
37217
68514
1481158
1768228
763772
1318953
984932
809751
27406
2512885
2403699
928836
897682
2428672
2119381
703448
1396316
728392
2275974
1638608
333023
294713
424934
2623847
2501514
72482
2037390
1861423
1778185
320481
1839939
586318
1364595
2580003
733213
761772
337284
1221130
882071
268240
265349
98164
1795069
1286739
2417311
516689
2036398
1299561
2081471
1959448
1808436
578266
1126319
483632
2392385
1383694
64189
1666386
68850
2235284
1626038
1655303
1623193
476692
2391830
1984550
150806
2021712
760264
1448336
2411773
602066
1594028
2290882
2204466
1924193
940150
1050064
824424
2582371
1873689
17949
1858305
1242708
2575397
1528435
255160
881583
67050
147413
1202543
997011
320315
1528874
1203437
673845
2419145
1143264
2414063
2177608
147477
153241
1472612
219072
1598504
1953422
115069
147078
537375
2571978
2240083
2414141
1770268
1514089
2562458
869203
1273028
1927387
105803
1136211
2588869
1286028
1625055
2036546
2047276
1731807
2368118
1992720
2338260
1889218
1710823
1477316
215384
1331623
2333653
1597310
237130
1969327
1670484
1140479
1040061
147580
1674073
1410635
1061967
1856235
75399
2626399
1352351
940052
1330305
1952862
2602142
136650
1012212
899662
2418208
1726345
263411
900813
721652
458417
139657
2040912
899761
2286441
838906
465192
2099294
2217822
2174643
267384
2458541
1641865
2462917
734563
1495617
2152109
2599412
2187249
2239733
950215
863002
29823
2176156
1699738
483890
851548
1989983
1423982
1109370
587987
741629
670174
73943
799292
1952354
971331
65807
1511725
661991
339338
1926234
1457316
813946
178118
2252631
1123899
2113456
2613884
1748562
248024
1780563
1786716
363401
1499729
2199795
723647
2023156
2405349
671722
2648914
1283943
972383
728259
2531780
43620
1206850
1009594
1217956
1181847
869302
2027827
238182
2092621
474198
47421
584609
380292
532636
2379201
2123549
656309
887028
1395970
1576715
608745
324225
554268
1393498
798315
318754
278198
1607676
318667
155212
2182048
359165
2031728
593168
1445105
2480571
1790627
10786:
2502669
1247939
410949
1083705
448594
1355864
1967058
408454
171592
1328230
1734251
1395807
1626226
435170
1293888
854973
1125315
1757863
2509719
2483028
292205
139315
1182897
1236161
997270
2275144
1126245
830937
426137
2041955
351321
1122422
1220420
2290333
2368262
1807382
859574
2197570
2174388
1585741
1749189
1621855
2207079
2593096
1726501
1232301
1268589
2408478
596696
272174
905511
3404
368823
672894
1781536
519211
2584442
148789
1237299
925307
927550
1091947
1799499
1638238
142755
1296980
476197
485100
476094
323314
2115158
116627
2234214
904486
2517762
1206603
2590669
432516
1905564
1610158
1550650
548114
1854064
1422458
708826
1191688
1756258
2435665
1136239
2414596
2325764
1602493
1855188
1848970
2585251
1667030
1739823
2250174
10728
1161053
2417765
766577
1342685
884171
10787:
2415768
2254300
10788:
688031
2135677
1691969
876266
665551
4436
10789:
1020744
2032518
746890
1813660
155784
1481102
1073074
1620072
1968770
572124
176072
2153426
2424304
1130215
2509276
262604
931353
1422585
569934
2196938
618186
2074029
1479323
1170198
2242358
2572623
2425013
1894300
2226416
1217324
904839
1079:
938006
1416097
769702
2577906
1959845
1052017
120295
10790:
2103716
1907148
2533024
49725
361301
1389120
1043606
59247
230454
1244059
630187
10791:
799956
2028025
1952295
10792:
1413743
2093957
243004
1229877
178673
1318417
1505434
2411586
2430613
709767
406051
1716659
440121
1792989
948049
691108
2552878
208447
10793:
106515
959888
10794:
844736
585714
1761462
2125891
1704072
1075617
895850
1200044
1324036
10795:
103904
10797:
2205253
1155704
1476352
1043469
2034991
1129884
10798:
2197525
1861411
126804
10799:
2431682
830506
2225554
2190769
1329299
1595603
1308269
1572171
108:
261048
1946757
343376
1712147
1671535
1205549
2514569
1032531
301920
316235
1413196
1874480
2038182
2333425
972103
1250574
2067199
1696503
2009358
2172766
2029262
2552379
1018267
391128
417816
2246008
1130437
236426
539249
2443656
1326724
2633013
1393775
1083968
1604702
1938585
1004402
102130
118331
2629536
1263043
591552
2097236
2091963
1585784
2085420
1351941
555599
24946
1012194
2421605
1758409
706349
80478
2364925
2291990
269358
2081886
466962
993723
2502420
2115271
221477
1052891
190473
398353
1215759
1821395
1475572
2378976
977987
1071206
772738
2421429
1810524
2351237
1354345
2248992
2271735
2394020
2137254
2355145
94746
1198765
181321
1557405
2466928
1758186
297243
251967
2096753
1769724
562320
1290669
926568
1070555
465885
2488901
281541
1447864
1210019
905669
1175565
189227
1923652
788237
981632
341340
1696172
1494689
1693265
1211692
969225
1324905
1370513
1326995
15732
755557
2450078
2549715
477824
2595700
2405445
1449810
783585
1191334
1057942
2379041
1099885
2313013
2326806
372940
1092011
2085644
2204647
2100687
8992
142549
1450041
907201
2473419
1859205
2007507
2314153
2056531
2254856
157667
1956031
218437
2114723
1844412
256549
1617721
62957
982283
114873
871312
204405
2036626
2462130
1872926
1274833
1624398
1603686
1234968
2151562
2044120
1191534
531878
1975820
2168247
430727
1460083
1427749
225301
2373439
711247
585539
1447828
193303
2415805
838435
1780795
506468
2431494
1617630
1881601
1178569
1973957
1586379
85367
676832
1318650
371008
1686192
862187
1405357
2035310
1157607
759643
563705
60205
477968
1873281
1408110
1286411
1279197
997265
1855725
1443152
2157302
278634
2446557
175453
381625
1521458
1054715
916170
248426
1222298
822570
465743
1221877
1520259
1473145
869666
720184
2426083
914457
1196541
666964
230961
377249
1056906
696381
217805
1670486
340702
625784
2366028
2248900
731198
2112901
1167369
268889
2163496
2123443
966094
947393
1273442
950101
315709
776836
2209321
1111259
1731903
1113001
2505460
786667
775851
2102886
1377251
1104959
201009
2415345
881380
1592816
2062692
872734
2643733
2562086
2304480
1244721
271804
556850
2615948
688579
1445145
2229758
298421
1173657
2049360
478341
2402163
851224
203133
1218907
2238466
501204
577472
1466450
238436
1418782
1648505
1340212
178589
2052427
1569319
387701
1842676
1762695
1039756
2350839
1189249
1816613
1274091
1177686
2016775
2479921
935717
863711
1465965
431743
1908688
793690
225394
93369
1199342
1944531
1594182
2540983
42760
2604260
1261618
438404
2385259
737070
677269
2198951
2366625
1908051
2199201
1469128
1934125
2586852
638482
1293817
1532163
2466127
1202360
270620
753596
515293
2052164
1772826
745604
309424
453962
1689475
1080:
1943087
277425
1082602
2596097
1824459
1000817
2617902
1408771
948308
2033310
456311
743144
1034488
69370
897838
326220
465577
377216
713681
2009821
771797
806116
2342842
1197375
1353371
546623
1213541
51943
768582
638363
577234
2041525
927206
1481721
1242459
1158139
2339071
1577076
1767523
2320820
1346327
1983701
920615
440836
1249961
1116132
10800:
2302663
2478512
630320
10801:
524672
2283112
772817
2009688
2380238
10802:
2182853
1020509
2319181
1864366
2172968
1504347
2613890
358552
49417
1883911
28693
411178
128190
2420262
803722
10803:
1254629
1438800
388533
10804:
756930
1066334
2279812
197962
2093947
10805:
2081751
1113077
1473552
258918
612453
2179955
184766
1281803
953665
10806:
1717711
1559022
1675504
263962
2574885
1366229
2542019
1934076
2482528
1547720
2561922
1072323
1773818
10807:
1991254
2096374
281815
1531661
10808:
509682
283774
2506132
21368
2499653
695208
768550
2633404
1644088
115422
485919
1929912
2069433
455908
323259
94987
1771085
1613750
2567478
639365
1262624
1422299
2087888
383497
1002430
712559
178399
353391
2304960
91574
717555
423686
1233079
1234299
1010499
1877929
551270
2582551
79095
1315884
1313804
1627179
642583
279503
1596704
1660743
650383
941207
611922
1890748
2290161
1099170
2083408
602928
1248185
2499020
336459
995594
159871
1232301
1504822
1669135
1423085
1786581
1068882
349258
1827271
2567935
866890
2505981
401455
2396052
2645214
565372
625042
1049573
1415974
849715
509841
134083
927007
57266
122946
1538078
759346
2363190
922160
1563518
1681712
1485126
205348
441061
450623
2384329
1262751
473358
379440
2274547
1075358
2252678
827549
796568
385858
2520236
54415
310066
1372419
1395454
905134
140377
134650
1435703
960302
985009
2618568
115525
1768305
29665
1908534
218868
691883
770965
571940
2520933
1587747
368974
1041250
1753703
7405
1091605
464478
2382259
1117319
1762039
9815
652916
1166984
1431506
1103929
1565060
1153166
1622192
25419
1298124
953444
2211364
2206117
1897454
426244
487494
1867795
1601861
10809:
2079291
12771
301961
1694053
543183
2064048
2151453
2180261
2284438
1566966
100998
37743
956423
1340178
511736
1932744
1085091
301874
595009
146589
1641797
2287330
1308379
1325653
37591
2359593
2033610
2167441
1046596
2608080
1811949
1469831
458027
693220
2200862
435658
2083238
702619
667164
1916277
608887
29370
1436774
1274579
2214717
2432904
1242940
894384
2230300
810726
1574506
1515885
1395563
988056
2364568
1463746
747116
945986
1821339
2156558
585251
624821
2028388
2008955
664606
40035
998700
2600027
1831959
2276083
2435949
323784
231132
786662
1091415
1317810
1711660
2243873
95343
1222333
1220476
2210655
2005935
204073
755547
2160499
27916
2568328
1641690
1558248
177567
112185
2588238
617221
819708
1593297
1984941
878468
1203740
1239107
106290
302457
1417922
246002
329423
472627
2107309
499314
272338
93166
1335368
2184380
1197595
1717855
2438981
2138445
2377336
1275543
665495
992782
2385203
2259371
1495594
1198071
2335436
1539901
930768
1978939
2612793
1289689
1081:
2439493
344549
1947623
155761
10810:
628500
1600795
614805
1385677
721061
10811:
828567
312153
785031
2280119
2369815
1215787
2083745
1276297
1583013
2393056
10812:
1913701
1464725
2463759
1711604
1959417
10813:
1382106
1802529
834048
1997405
1961144
2165664
10814:
2316938
2429205
703656
2506605
452690
335966
468346
2499802
1114716
2364520
1696797
1889002
910699
1011516
1826958
2222743
763568
2408478
2545804
1749707
319758
309194
2571371
1538078
1682186
830861
844532
1270156
1430963
1964059
2158461
1397082
1715732
2495064
1676076
2528843
1541515
1151071
1110161
2228863
465543
1595341
1037952
1838864
2354939
186826
2589543
249892
10815:
234865
1218649
10816:
2088663
1238047
1541981
10817:
47195
2221827
1581435
1433785
1752817
2315936
2122085
1566952
2153851
2073118
855235
1848295
2055314
2174754
1896103
1086900
10818:
1785774
346333
1227632
357480
10819:
2178130
1418797
1531608
154009
1931057
1302464
1991491
2532796
1539828
933553
752301
1511488
986006
1082:
865992
2063328
10820:
1540073
1789215
1623180
789855
1964872
273084
1202414
688291
2477483
1860946
564931
2309568
1195018
1597298
2643219
1935437
904391
2175334
2413347
1059150
2126162
413207
561177
14069
1173776
2471604
2335230
1273523
2530604
2294081
1356236
573263
2133250
2182271
1437484
2521490
2567367
2094123
635243
2531793
535553
1005330
2178014
369252
1688451
1545189
441737
1841567
1574687
500741
1582780
2055344
818164
515511
60100
1195612
2000414
2568358
662068
1761340
1180944
2617189
172959
1013012
368952
698251
720280
2161977
823591
559793
2009131
2061329
347057
2072546
805269
2310492
1997040
1980168
552126
40285
2345120
204750
1137451
904841
657641
770819
1754211
97709
2361621
1131878
764440
1021737
1873673
896750
1766993
954965
1870442
191725
169202
1156977
1208323
243864
1969578
394822
1765573
314444
1582934
1584503
867546
570693
1211183
1801584
239387
1558208
1815205
1523022
1911813
2415782
1195528
2629941
2616789
2640176
838969
822716
1519036
523534
1156033
1591293
426086
2002416
1970924
11007
409490
1506711
800821
1361959
2092269
1630426
1154094
113813
673587
1110124
679084
1009005
2024829
1986331
725549
649030
1664315
1199432
1536705
339082
1614793
277168
431031
1298111
877636
1859381
867591
1098812
1113975
1678126
952076
1833882
1755726
2614394
1294577
1161562
1708976
1809035
1471562
1470121
370614
1002190
2576865
2556176
1624792
507407
646231
1177474
508117
2170384
1866484
1873862
1092312
1257469
399956
1461892
1440682
803761
1054392
2559858
1085320
1762866
1348357
2074901
229994
1618634
167563
455269
1495482
656644
1325202
902931
2501553
1823245
1703313
941209
1289855
1951200
1895796
406026
508405
427992
1591366
1713665
2005147
1196706
1830830
2573566
418420
215319
1846952
1380396
1436452
958955
226468
1208090
711092
1636470
1157530
79961
211418
2367829
2635157
1344035
203572
690286
799775
589691
1787426
552382
2014956
1945392
1986209
2586422
506348
564310
1194124
1709992
877131
814388
2268198
581523
1758158
278172
1720672
500014
2595901
2151127
1405764
375361
2432937
2587009
2613353
1039386
981800
407140
2242490
772889
799997
1240231
1914824
475578
796779
669970
335589
1426201
1227545
363227
1357332
1585262
503449
1065925
1033381
464388
2154192
932664
2086197
1683589
1745000
1100109
243592
290466
402519
2404422
1152801
526228
1586826
1084515
2078727
1600457
1745618
13996
2339945
393340
1902999
938556
617431
391254
1836645
1320038
2012678
2337469
1245410
722355
2490193
1777041
2325684
151032
980653
1501458
1018076
2450671
92892
2363778
1037890
1083808
336082
2315870
1293817
2228779
257702
771083
1180537
234429
530910
1636620
856718
1948372
300446
1684124
2081869
300670
1579262
877861
1558220
1838742
933641
1909078
1332452
10821:
1974656
1474508
314379
872997
10822:
435239
760432
2551300
8999
1518947
618776
572570
2400845
186809
1762348
2181739
1072072
1674886
1979633
383004
855136
2442038
777272
2340855
2126192
1460689
2642740
10823:
1727772
2233512
10824:
2142029
113222
2034341
27155
2070572
1084929
2347140
1612010
2167069
901553
10825:
2032427
1286604
2494633
533339
216591
484266
946526
288901
2280881
2021686
1426346
45292
1696594
1499620
2018137
552739
9557
1062213
577019
2208512
2048149
2223520
2235420
2065699
2553655
1362770
1202537
224873
2527932
471530
2287170
378466
124440
2618139
2295235
1007203
83594
