6310:
56531
1295674
513693
126337
6311:
695379
651389
1245466
945112
1674620
1928633
279205
359509
606308
9045
158874
858574
374531
21181
2466742
1791155
1871358
2045171
2262039
536576
2532884
1416865
182235
1985082
438294
2396260
671555
2511722
926714
1799929
883945
526954
799587
6312:
974319
1703093
62511
2016388
1656427
879695
1221811
2551985
6313:
2175266
956937
1897535
6314:
102354
140393
277774
2510679
2497006
960862
88005
388142
2150275
770481
1930752
715165
2004991
765356
955052
1096140
1843504
1874557
1672900
2597270
1648512
839614
1073996
1920100
130532
6315:
1703578
943795
1145310
288787
12488
1470271
2372561
1204691
1437266
1314979
2481887
805103
2126970
464879
1823184
2403240
6316:
1983686
2014844
1316745
6317:
1640213
6318:
2397283
2377457
1864222
1256534
1450765
1171996
2090978
842050
938654
632:
565700
2335635
1649046
850959
2335082
70935
1369928
6320:
999884
973154
1868499
473044
1845031
40164
1622447
1900026
6321:
537911
6322:
944767
1859175
1868667
6323:
1106844
1645346
2538669
1853739
1779329
6324:
108374
1719016
527978
2516832
1331764
1318642
1665403
1115285
1471285
2329048
15337
2297862
1025990
2491894
749214
2248698
1221130
990230
2094179
1287203
2104076
205151
2417311
2341602
1869158
2623603
648173
885877
1954386
2058927
1212887
32361
1848752
1867207
2260816
2096374
1161436
325719
2226614
1962728
2130892
1339900
2086396
2152497
2278169
647972
368939
457085
887873
303901
1270098
2212485
2043149
2132538
99893
2259255
1272544
1995490
639814
1994495
896333
1610407
1290944
2078037
809887
1798052
877998
2472803
2477159
1471389
2444029
1643488
1476568
782294
368113
487996
701069
2589062
343139
1887456
667365
6325:
2184320
366723
1855919
6326:
1568275
2395343
2137042
1919269
90505
2495274
603997
1198949
2501109
807927
1585163
1293986
1594723
1841173
2398129
1514250
1688615
1708158
853893
2562177
2274215
2531020
1450175
1020091
1017937
1563643
783452
477133
301562
843279
245811
6327:
1333524
224051
2430867
2392452
2381481
2057826
360637
799817
913785
653906
2636407
2513034
1766038
1359564
1342860
669112
340639
649338
2452144
2314898
2588043
1711838
720471
798001
1345117
2425802
6328:
577022
2082397
1414590
1622031
1242708
782890
2289978
596682
316972
620861
2065479
715020
1795122
6329:
1245332
1995318
522604
80284
838601
982771
2515496
2392734
2612079
516082
834968
2001383
1658010
648219
1114967
2393446
2253241
205586
754306
736808
1446326
1979921
916437
239066
845055
603850
631636
2298830
906602
2342816
2076458
477946
841606
1328009
1269518
2380708
744229
2378476
445728
2251698
1710319
273508
224642
1297361
1465656
1567572
1245911
997877
1307464
1784017
1450406
2374690
2121244
815310
1155639
1858273
237439
2155348
1063645
1902373
1769372
1408722
685422
100582
736323
1785450
2198100
924724
650684
1930719
825378
561738
408337
2331733
1812023
893234
1185722
1727751
778146
2209297
2122991
1209770
1967022
824505
977108
1533996
1663205
2602690
1235417
864948
1673262
585487
2408485
241073
585055
1635625
869290
2617189
1629265
2063488
1574147
477387
747049
1943326
1177634
2438057
1638431
889096
1080280
1267849
1005558
1249814
1046955
1788789
1135453
2601189
983737
2106626
1696026
346904
544985
2128303
964621
1554371
71913
962536
395829
1955087
1631178
1323037
1382255
2563107
1933753
1359917
203683
2404736
1298197
662753
2538640
1478102
158226
2197914
2079690
568192
2573054
1061971
51058
2025000
1967569
368291
1897426
947094
364145
931120
1271323
2152407
831591
826596
543878
1163050
1919268
2283692
2525413
59374
2314931
2338539
1656077
1699483
313060
1659975
1480789
2331527
2378575
2610868
1880535
2301633
1165961
1901442
1703742
1986360
1674309
2037196
775439
1515559
2373806
1515671
24536
1516863
2507385
1626368
1122921
1946256
2437705
823767
1594950
1545373
199269
531698
608018
2359471
2262767
547838
77309
2427697
2352383
1035358
1921400
2476384
173372
928951
908141
111137
2343817
1102415
1321717
2587667
1427452
1249916
1163493
2202127
1779793
701767
1871135
848510
2585173
1721373
1896974
775310
618366
720800
1106902
1426031
604004
1718092
848885
962274
1841224
267577
874636
2102001
2237692
690228
1734307
2333303
109136
176805
2524871
2140950
2145093
1598073
2104635
475931
781185
2604642
1023840
315005
2144931
334443
2264667
658294
2274813
1316453
2523838
2588061
2095642
2014607
1586539
462182
158007
713715
1920425
2293701
2592934
682084
147468
1179516
1485291
391601
2180473
2159994
468924
302172
105997
124295
2404176
2375228
1794384
406958
2496155
719137
322367
969826
1062170
66585
577211
932405
192375
279971
236043
212302
1067491
1011202
1126947
1919257
921747
15632
2119505
2466015
983107
2338004
2187425
1988886
2269365
532990
2031928
2347670
2025704
1122390
1317463
1144505
2565038
1349014
1856408
268116
1708187
891798
48506
2400206
1290177
180295
421926
24438
1588231
1325110
146191
1166947
1329940
2639893
1475746
1605745
2142138
1572039
1382985
483210
2554101
2397638
332468
2013670
2433887
1532191
2419663
618934
785955
2432530
2408998
2030336
2089722
993299
637392
678798
559114
1827454
697825
1510166
2535096
1197183
650335
516732
230670
2459262
2593255
2585563
2510167
1421254
2324270
725230
380622
2571022
792884
1545380
2341363
1875825
1985552
962325
2565612
248466
1065223
2389383
1608182
1973613
2005146
633649
1307670
1301227
1898553
206520
1057361
72395
661305
2199617
966140
2355220
615650
976641
2284893
1936627
1426349
865508
2048217
2168416
2129403
2226973
359071
1620288
1981639
1078923
92387
2337306
936014
1031566
2326462
854474
1093378
1245738
947315
1593978
921394
2370665
2511987
2418102
2613353
1620200
2117222
645345
828029
648793
208326
1677481
1982471
468824
1284422
2274260
2487683
114760
2090837
967898
833993
65305
1107899
206885
545187
146786
1955184
2314229
1669327
1744158
1549198
1178597
2328655
1651139
197989
2076367
1930389
2649375
358253
2092557
1629461
2357827
1412310
2591077
2424223
1142827
2138445
956464
2325941
372821
1227278
2130906
1775214
714741
275217
29402
1783892
2458289
2027827
2406730
1462979
1813459
2001076
1942869
1880956
1110518
618513
520429
540466
251718
2498230
2210381
459426
1800030
442438
58347
67547
44355
2052724
1974670
1443979
433942
613560
2494710
863763
488840
1541252
1309349
388791
1023580
2433016
1557018
1893420
1789111
838841
1249819
2531215
2339847
228735
111678
1081582
1266209
2349115
1107785
447613
388000
750426
75554
1760702
2368368
972793
2038784
1696726
911817
1062727
279916
1580100
1630884
1502856
2608143
2003948
1583718
1157302
2250241
2366001
1362084
1396747
2321554
82600
2468330
633:
1675240
5281
139648
935011
2604904
1395436
6330:
959577
1988320
1835276
90038
1793831
2356870
1508284
1630194
1006507
2603322
1543501
1775155
807933
1451898
474493
1975361
635726
1146230
6331:
1734978
1253422
6332:
2632341
907742
6333:
2516376
2368038
2337830
332619
2062344
590996
641825
484030
261037
2643193
6334:
2578428
2188328
384033
290168
1797578
2073647
1090354
1865642
887680
783860
1863843
2284627
1406998
1321191
2645116
1322807
1323994
932954
427836
417086
2147461
2129706
639797
2040489
987713
989308
2122199
2168189
2218200
1913923
1906808
733131
1748059
768603
2529456
2578230
1176131
804976
1073913
668693
1265798
1599486
1647122
298331
2644858
908648
779359
1788800
2320734
2306838
1771027
955320
1418811
665420
2266432
1851547
1648464
1251882
1794491
314180
196562
1065445
2410066
1135913
2102940
1158274
2595396
1982344
306834
2044911
1251855
773038
296271
2061703
1270431
2563769
203544
1894266
682343
1611819
1755823
617568
1673071
1589316
374654
1396298
334692
652331
2393366
1380818
302809
6335:
2350908
2327386
6336:
504195
105942
2280325
1692001
2643596
1588764
1366358
697025
1672446
1511654
329751
2358657
1092228
1358962
2530533
1696663
1569765
1752405
377817
661040
1894853
1297337
1469983
1473627
2356119
589522
1240130
1356923
2072894
1075230
1488208
338416
1896920
2636654
1150223
320707
1937601
1341560
136596
230917
2183927
1392848
556458
146115
1870442
1798808
2413374
1699483
2135859
374368
1560553
1045440
2513009
1105226
1432198
1126725
2397983
1023326
1479907
1058942
22964
2136441
1518289
1733617
2395978
1208198
2223821
2389191
493144
531455
2418997
1899031
2389643
1127963
1103713
1870722
1138511
919160
406638
321078
1362720
875788
1992821
366683
83902
1314979
1498335
379432
1335049
1688758
1249938
1219746
1558153
402237
86630
1510370
1964059
91567
1613363
1719271
732952
46187
1241661
193562
517097
392742
30274
1191528
2482898
342902
738434
2291457
99844
1631626
1808201
107601
2258079
2451514
2646207
2038367
2614156
999169
1043309
2539864
911185
1975510
1260615
1761147
1271478
109079
264497
2429983
927207
1752071
2306957
1128615
1003463
2477534
1187379
737531
1334853
2300041
2140351
1808263
668955
156441
1657490
654689
1902291
2484471
1634216
1942869
1919429
1024570
2518624
2264881
1949451
345035
325583
2561941
2609412
1604490
370904
2307511
1132315
1041553
2549935
6337:
947462
229518
1383084
2473780
379276
946447
2151504
1105925
2086575
1988618
1807963
2436596
1945971
950584
614275
21550
1028153
1909453
1580023
1105228
922240
1403135
2298796
2095697
2440793
1713651
1520533
492460
2065522
2269650
665032
1348186
1197269
2572159
616701
642147
817242
1495526
1819096
1712704
1501562
1900823
723219
378066
111438
1874452
1239091
1262301
1315288
2017138
372260
2197226
1127484
1500307
149625
1287616
2015736
695915
2572133
97556
2485893
2105130
2639380
2316298
2136197
2333766
1301947
1469853
2251356
424204
1579714
252201
2096402
322528
231166
2227295
1385311
1271456
371799
2463992
1522942
315697
667166
1502775
851058
1704858
1035610
1771677
1884239
1575497
358916
284111
160028
1228520
238246
501640
230030
1611173
1283056
2417042
6338:
2062437
1809455
863006
503540
686752
2182899
385977
1558686
1919898
1753611
1497044
643921
1748433
1336103
568205
478901
2507129
1211333
586636
200265
2437460
379344
2091153
1396036
1736832
2511844
978418
1236114
1167549
2012142
472316
1981790
2205999
909167
2637979
150784
627836
695657
2138837
2568725
328708
2314348
1538346
2505270
2529053
101107
1956557
1304323
347907
1561717
1670875
1036908
2148637
378740
1760699
1014796
1706274
745921
1325631
1184800
2636110
1547773
1321416
1736630
1181659
2632837
1081170
294159
1595404
1535360
2594132
2232561
2414366
1917941
1732410
516530
1979809
1981147
2503749
1287828
936110
1570935
2550224
888905
1924750
331825
2131182
1527328
1720996
310505
464852
1895456
1897655
503936
6339:
295983
2519681
2418200
1426200
1339724
509819
1156007
1699711
2642437
300988
1902261
1144197
120288
1852727
2364140
1293104
2492252
2504747
1928336
1128664
809751
1773820
1761121
142078
561378
185438
2160379
2218462
2148425
2072167
2193177
995038
1757269
2208000
2013338
2176929
777552
2396855
422185
2115731
2000508
679670
1152930
1598658
1548834
1867734
92548
2218244
2339056
2463942
632346
2375951
1386559
2638156
1029044
2271733
2464236
2292355
1410644
1618502
2474526
1009270
2235676
1116596
2558477
404478
1369365
321188
1924833
69990
1559039
375802
1044457
626222
458387
308892
1978651
1993052
1946890
260999
1358810
4059
2151532
851669
1927370
2495650
1831369
445367
1680205
2001482
423478
1257129
463875
2402520
936891
203810
1402452
340979
1149789
593236
1230759
2021841
1111764
999638
753433
1795334
1959775
331890
551009
1521982
922252
139801
621386
2084185
286774
1435743
1840209
1805202
2468019
94441
1220618
2087138
968511
1452356
1819061
1566893
884603
1540950
1745045
1212566
1982129
642506
877457
2293827
783054
2238092
1684226
1844566
2023205
713518
1977123
1916555
1193090
2253519
1929632
2188338
1327253
2328064
1026596
1641738
2148452
308752
1622990
1997950
1733619
414500
581490
536740
1220476
1117660
2212056
966712
1318499
739334
1389819
681019
2169900
1573610
1301646
2364919
2046649
412853
493375
2162408
1739732
2201549
1954074
1749056
1706698
1762357
952121
2315672
567400
734563
385594
170451
1988039
1897233
341977
879334
1686781
1863213
1717042
2047510
2048970
2252217
1450190
1299192
1829412
1565518
309501
2462449
1781920
1433137
861911
1025431
750214
1116454
1441067
523062
1043112
1974698
1204267
1275543
292654
2508000
1713268
1827429
2289920
741115
1493064
1895952
707344
96529
2470517
1523894
1829447
1262684
1389367
2405573
288391
613512
1183531
1475516
1539901
1591850
2418915
2211902
146397
435696
1023512
810473
2049060
1494424
669923
1929361