4407:
1400513
1413923
1121311
2108170
747441
2305135
127035
1051092
391575
2499791
45018
1023713
688102
2223786
655213
1819146
1064140
1275744
1141351
1907620
1909657
2038807
302637
1459099
2134981
985615
1995308
2052563
4409:
1228922
465436
1478381
1509395
1658467
2645390
2064041
147386
1685842
1927420
2236981
1140387
269733
1140609
1083003
158242
1976560
1631454
612384
1354882
311144
936750
1935654
1107671
181102
767931
1753374
779548
768880
1772555
1502638
1864509
2647587
1122339
185027
2470021
933855
2360852
2370066
1722660
441:
1154874
1914129
1232194
999596
2502145
1931011
2402783
1588993
1493299
2427435
726171
4410:
1183451
1099246
1260491
1211787
2565109
454486
368020
1245018
2443170
2076955
1031451
207849
2098013
4411:
1770501
2555218
326121
1581442
1961222
1403379
868723
1509725
1303364
2578429
2019003
1398991
808415
468406
1460373
1420465
280845
171335
1214430
2047578
2495313
2095101
647406
645684
218320
979613
93174
31280
1656709
1209527
990713
2107966
648521
578091
171878
803391
218297
823744
2407267
2376228
2165334
1379975
1503134
4412:
627569
1991055
123836
4413:
205618
464031
1406702
1311572
49017
786952
2564748
1053450
548500
1490567
97611
136448
1987400
1025312
4414:
40097
579914
1902302
1659532
25250
56104
1428178
1137154
2038372
894826
1489436
2347394
1328301
2573916
2020309
2647320
799985
836644
794999
700833
1902291
1273982
1997469
1322566
4415:
109667
257416
451464
135447
189744
197201
726053
731902
1544373
2591201
1704042
1903504
1882553
1909216
1346332
776126
2052074
1771426
2418024
1582521
1136682
2395915
822705
1640637
1525532
319893
1347966
2422349
298717
833611
641242
2211448
346740
1105272
614968
402789
2020087
1394554
2636875
4417:
1341444
808731
2242835
684576
1107747
4418:
2009183
1559832
1794769
1237916
1301833
1961265
570184
1568442
812803
2351610
1766906
1927467
497953
584964
1293202
1562770
672376
617580
100294
1318378
543738
124265
605520
1563594
314863
1580389
1240821
2413149
2344963
1977821
2403703
1681286
64824
2144649
334396
1004284
1422789
809148
308171
265915
1833543
2477559
1233557
2510073
2350305
77358
477988
1799047
1991608
1408249
541930
2025340
2465374
1872994
44541
599123
17672
868296
2287855
2146220
1806306
2421592
1141325
1408953
1287249
658890
1834490
119315
1347966
1746599
653159
2445920
1527368
1987833
766702
1751088
1081096
1911534
1107655
2092154
625992
633859
548685
526950
790317
2557309
2261458
1774460
399830
617522
986417
2517791
29657
1456262
2326904
495965
798710
961971
1062124
2643577
2067162
2606263
2006959
933266
1346089
1747464
1394150
527547
1965562
987894
612799
412528
399318
1318705
389384
1779909
2280081
2606237
2166512
2625295
362235
700288
119157
1119911
2580133
213427
433319
2163324
1086237
1292949
1144520
994804
926979
245601
4419:
1295288
561998
266687
2104131
2297856
1182757
2131831
1930446
2445169
877585
170085
582381
1717179
576805
2590885
123684
1168312
1676211
2099394
295533
129929
817744
1986227
1559109
50543
2633932
2329549
1931916
1904029
2053181
1016256
491767
1682945
749522
306153
989031
442:
1990962
1348972
1748896
65353
357521
810926
906645
435820
329839
522604
143298
777411
703761
2422683
1119970
1490443
2061490
166817
1723233
2560286
1222245
2360126
2415103
26049
463638
148022
419330
1873273
862234
2566472
1061017
1416301
2565761
2157509
352160
2342189
2287832
1751336
1935965
1398236
2182550
1348335
1158538
846397
1045419
2415307
2561520
2230133
1260096
469001
1609094
1226635
420659
1923772
8012
2530588
1930792
798966
1357137
1083174
677314
990977
530365
153405
315605
962675
2363298
1382640
936395
823416
178914
1337828
2345110
1139599
304390
877149
1294746
1105412
410466
1046467
906445
1316772
817851
2052059
1999605
2521528
1017731
625720
2357564
1668715
1692951
1547746
1060569
567840
2608578
2419212
1602566
172953
2438051
411060
583444
48365
990780
658090
2160983
41914
2118268
2461180
49642
726791
177
2608352
772062
14747
1447892
159523
2000032
2647162
612284
2025125
970950
2187344
472844
2255111
2175377
615738
1066290
2035759
2413249
892812
2423494
861945
1256833
235727
942739
1535123
765530
1413237
1069863
1869276
135658
1505596
1267444
353755
940873
399586
1178966
1896610
1324364
292127
1652317
2551617
2452627
2426974
1655325
1237067
524761
1584876
1827989
2604097
2491569
732907
1817869
461589
1282487
1684471
2095524
1400198
2236981
355489
1807897
2267500
2055570
2009633
979146
636144
116433
1635061
2170543
2356279
307454
2582761
1754540
1219084
2225398
506602
2341219
1633588
973371
385677
1390512
1792722
1810639
48636
85309
1039519
205535
1381592
2628705
2122407
1933406
1960869
1097258
119867
1585813
2422300
1595603
2116429
2594716
1031033
328309
1255580
603372
1530874
447064
2157535
1106131
629951
1962057
2071601
1033717
40596
762511
846848
283280
2640400
163887
1950622
1054055
516989
155725
1577211
1016683
1721204
787220
2366305
177770
2268764
541406
1360098
2545811
2574099
454758
1797922
966537
775839
131257
1937336
1962795
789285
1073371
1892588
2120490
888991
1035478
2398096
2503632
987096
951152
2632339
2629548
1983070
668304
978155
1030681
1730884
2007507
894775
1104421
1178499
45677
1893221
1029654
376424
374030
1504130
1749078
569121
529772
1099025
543873
675733
868317
911088
2503583
1157143
2202658
1452757
363252
327634
2150088
1115163
1766791
6794
2015092
1995012
425597
1803599
2021477
248357
313730
2598627
1121299
738323
869761
2295883
2444094
171756
1941554
1264152
2319194
223555
568115
1305196
763673
287037
2385981
1964566
521004
343613
402779
1917994
2284477
17672
1535294
838828
1083826
2334726
923567
1476724
2162097
263018
1373441
883787
433799
596148
1223339
2302757
1917422
309638
1311658
697202
1482116
1238714
5127
901956
670339
546332
798871
1125313
636367
1422100
814158
71978
1116312
2151805
1777984
1287458
591609
35747
698061
1944475
474171
100500
2127818
1318247
1046812
1001491
864958
1892712
2255577
969571
1603837
2280608
2283092
1506156
1835829
1883031
1282811
1117878
2306096
1769927
1820892
1100043
164571
1817706
561296
59109
958128
717599
1368494
1868994
1253208
1565215
395017
1313562
888760
799029
2306123
842989
116695
566720
1462501
2254203
1358817
2570264
2044124
1265630
1847492
2180200
26773
1005020
1042824
1865481
1318718
2584156
280907
1407649
2626808
895151
1062760
752633
1577925
1629084
173956
2143923
589802
235367
691893
1746049
2510023
508378
100661
2579825
1381024
400535
2287570
1678873
174160
779875
669072
1796046
1302049
874854
2622322
2454907
903248
616386
1319060
1420523
1088826
172178
1246157
1380218
1727364
609644
984502
575140
1955358
1002903
2350458
1774763
789924
1772309
1833443
36828
1780593
494622
127654
1246235
1591753
1207868
20490
369257
2392037
191521
54774
157321
2464375
218836
191576
205723
2130473
452887
1258678
2631373
974530
891975
62546
265971
2168515
769351
967423
2182786
246460
1233325
567317
1085622
846982
1230844
2201598
1516079
1834530
1020314
2542728
2462827
1128041
468055
1495562
2092912
1596784
2220881
2517888
268790
2069319
2436563
448973
2039709
30510
2355641
265699
1572040
449777
2605272
962386
1963147
552449
2052427
2492502
2564249
1404943
1168019
355508
1096262
741653
681759
1808263
1768277
1955251
202814
1583681
689527
519553
229474
145210
639265
372821
591533
870960
1035991
1961987
1364338
133138
1716291
66702
287805
2250881
2239998
223264
174579
1705084
296406
374876
1241446
326330
1537569
2501660
2243684
376456
1009704
538472
1179450
11318
519594
1326699
2247692
1204061
4229
2359263
105019
2260081
439449
267513
2175686
2447757
696008
1183208
246111
2483015
1344844
2533551
1636086
1828032
2112242
945007
315603
2202042
436383
1092918
2261715
350894
1071808
1582918
2191070
991567
519653
2584361
2376148
1159686
468977
953566
75327
218791
859983
2586731
1385369
2293432
2373826
155389
469896
1997988
2058323
2529666
1252933
1852003
1637892
2469970
747251
2420262
588400
944343
2326050
1999953
539962
218010
1366273
974198
138609
1711102
946532
2527771
2263794
90633
777065
852377
892961
1255626
885543
1752914
1408041
2585399
407754
158446
769979
1017918
1610927
1606471
1082591
740272
1109221
1349433
1670169
1794019
198282
303933
4420:
2514857
108663
653166
2375761
1381396
765066
1655726
2042967
417816
1775026
367288
2220351
860915
2398049
2227093
484055
1470416
2624471
1190499
2219373
621468
1477659
2538159
844748
1926295
2548878
1563166
2271277
361366
1622983
465306
2224586
2195738
551196
2488764
1653397
1087638
2194062
259643
1138060
2320921
2428819
571094
911952
1467571
171817
332923
1376556
1477393
714313
2331994
2633921
871128
136199
964860
785768
739512
1937545
2065507
2076317
14524
48304
1392174
1071328
1722165
342798
1929259
1126078
1762448
2445230
540359
1192966
870554
497729
2521261
454487
426951
1698904
1689821
1685676
179199
252939
294499
466111
1672808
2490266
1407072
2206050
2448254
2269033
2063308
748437
505823
1252560
46399
805389
112559
1973766
764929
287212
457399
338998
1601038
2205241
63111
1921157
815383
2360114
665185
2064418
1316453
1189129
879085
1217366
2227271
391543
333726
1142347
1566771
1863826
441702
2384880
2274496
1321132
2048798
258170
1632677
159930
3520
1140718
1929363
346894
2030616
2398612
1687637
507585
1157721
441968
1630198
375246
2371308
1518985
1969722
2317258
882265
400600
465977
1585732
992267
1522640
573972
745376
1387016
903504
2243222
114893
1747843
844468
298031
1202595
111261
1075658
1515373
1223350
1561826
2640636
1606273
1355626
2623275
1587628
2166288
831353
824434
476169
1620319
1406812
1645137
1823354
155164
2293544
1265502
442120
2528213
2172507
726866
871496
1922788
1869784
2189150
2567448
1371462
2128501
1988222
261739
624303
1405020
2508685
1113565
1692300
1064829
234542
1741624
476461
501204
271736
598882
2083264
853097
104004
1917930
1234737
2403598
1718316
1930179
2386202
905107
351849
692158
489749
112055
2324218
1964573
1037292
1063206
1169046
892184
460840
1311651
1033986
799584
649386
566842
559790
2109725
844410
1141047
1549900
2635612
227454
4421:
1680222
