1:
30878
2647871
1283744
2488120
317050
1904905
1989766
14756
1027056
1149588
1394012
1406595
2529547
1682104
2625019
2603381
1774623
470861
712610
1772839
1059319
2380848
548064
10:
1952305
1531863
1000:
2326571
977808
1010534
1861759
79755
98259
1960212
97460
2623506
2409123
1959111
809597
2251189
537705
929584
506737
708895
1900790
2553920
1196779
2411446
1002296
1580442
100291
433455
2368043
906984
10000:
200206
523108
10001:
262828
2609496
1474804
831991
267142
2305771
220050
1959883
27822
2570808
90355
2417258
264764
143866
766895
714089
2350428
10002:
1450941
1213181
308502
2581993
10003:
1515111
10004:
1737087
1270334
1262711
1903515
2140798
2479158
2161335
2099522
1291600
2198877
2214717
1936582
84804
1257912
1263375
735147
1186407
350806
1141242
638738
590598
1704823
2238464
273497
2499539
2543444
119309
2540335
129495
956464
1648424
10005:
254775
1892654
469365
793736
926698
10006:
1093333
1982605
1534853
1632583
10007:
1204847
2160216
248206
835054
1064667
2419805
2084848
671106
2087887
1340891
1917538
2018945
2520477
10008:
1813636
2048630
930946
1492860
1687570
1122917
1885441
17081:
1617268
650064
2086851
1559699
2407059
1705330
1224531
586645
1418623
2552178
913785
957520
934701
24768
805884
2408239
327821
1368422
2472838
71088
509415
1054023
247241
382006
779524
1668233
937832
2050719
177059
17082:
2300947
1303745
1985426
1440187
2582425
17083:
344554
998034
1297892
5317
234480
1309495
412791
1443242
1343857
2113281
1191324
2259936
860626
1364461
840509
1728635
100967
1464664
2367312
1929361
17084:
1679798
1114100
17085:
694015
1119102
1051929
2434606
2095559
875885
56522
1022105
2171849
88037
202810
1855032
2512785
83373
1697008
181985
1160394
2302812
626537
629742
1732828
642833
2367472
2573474
1278677
1208699
2382676
1245619
722818
1319967
2555272
69988
1227238
2121113
479648
1340387
2271443
819946
1934236
2589053
1062681
2099851
199635
545781
264423
2346859
899708
1780442
213279
1721218
2597609
462597
1634343
1504742
1792333
559129
2382523
2460799
617286
1288147
787736
1160426
52613
2194683
822187
1624875
1602705
1089746
422745
49814
1560484
1334709
1086132
2286697
1366681
2592972
2249181
1390196
251211
266203
2521812
28716
1403074
869268
976813
2033490
1101694
2598339
1834806
191541
1789295
259057
198471
248452
777127
689508
2000692
2496492
1684877
1962138
1141575
466747
2007299
1240546
2055574
144505
2247475
1302488
2025605
854659
1307498
1714911
1783904
1597463
1704833
1488092
2345694
1863303
316047
1267322
2511017
1404821
2458220
101884
1922017
2479174
936049
1271274
68566
511641
773145
945106
2364960
1757734
2275720
2237324
2005828
432559
2617453
1778221
87571
445166
4853
1400936
1262545
1770376
1285596
586089
2310546
722791
1833397
2235666
2195710
636878
1754622
54867
2201155
2066988
2144096
2230490
1785040
1279828
1731657
1988511
1791515
1418568
2017539
2015727
2160193
2185703
2157218
2518713
1104838
961569
1040632
749535
2247345
1206851
897215
2112574
1297963
878592
767945
1343265
530303
206751
783252
1143631
2244883
370475
241829
933377
1188211
697535
623779
458026
270404
763778
562368
2390412
2344607
345513
2288031
2281888
1622099
936869
2468110
1836542
1016253
1800408
1289020
2601344
290113
638950
1464335
2262463
2325208
434410
825191
1125930
543218
1632291
2265415
939466
2083666
1477128
1686006
1900757
1721099
2061599
1275288
2099254
1372219
2205813
1420808
140946
834561
403387
493558
743144
507963
2449330
2133710
1706085
2548363
2380667
2379489
1917254
2012258
480455
706937
2502319
2548043
1411204
1915419
973343
2177448
1303110
269236
1330585
892309
660389
12353
460088
2252584
2319350
84505
1058000
392133
1783169
955007
1653815
1162514
1485602
1623989
336224
2320566
1984294
2622738
2611124
1652091
1921673
1365071
1906000
1281799
46822
2517510
416992
68617
2311346
838434
185087
2321192
1441820
2522005
224856
1654068
2256787
981543
1970802
526024
270573
2402393
1977282
1804410
649232
1022576
1846490
2620511
348371
908648
2431829
1255507
1303702
1507444
2032520
2487143
679042
1037625
845895
1418080
1409059
920538
1034888
403889
2018019
668421
975290
66625
2269328
45130
2104652
92734
1031182
1265513
888601
1300096
682909
1704131
1965391
1701980
1940945
2525446
1859795
1080731
2517422
1359818
2108300
1933641
309922
1372936
2059660
1727179
375597
121307
2472435
1074895
758511
720218
1374870
269857
1184916
2064304
724071
2452042
1895370
1618512
2003709
941605
697341
1379393
124884
2604637
1700614
1056393
2204275
1819802
1871020
1714048
1006583
1714399
2020892
420076
1620548
47016
1998575
1732909
29204
1102095
2305171
1668638
508346
901999
946127
1924228
245180
2164692
1141163
1034306
2624431
1625445
1623075
876852
1600303
2122650
1344830
79270
1855055
1473932
1926213
1851451
580340
199537
1007140
185155
154998
1431130
2037729
571278
1933989
1407264
1488817
1130466
1941095
23499
2501229
2072585
1626225
439140
2065479
1607963
1124708
720022
1952209
1210976
2623568
1417402
579809
1870133
1448695
969155
1861074
104571
1865181
1904127
559967
704199
1618174
852316
2046126
2593852
1889496
1494044
1999070
755689
1144307
165837
2256527
237951
2158777
891975
1259038
455356
2379823
1432854
698998
2387538
1863351
2577492
187066
1569852
438457
382145
1154922
1183057
1297314
989860
2475698
1646949
982382
1687863
831575
2441503
2493205
511292
1427463
2204333
1985390
2318135
1801404
2476953
409935
2363446
1232260
1094851
2144299
1951720
207423
1479468
1467770
206885
1884541
1243712
62549
605177
4166
1320535
2473843
2473036
1869572
1110818
1882198
2332997
622166
1630203
1272986
159656
1344816
682556
396443
295925
450752
617546
755890
1420986
60489
2110579
1540865
2243990
2283357
429648
1316940
1177553
1874484
136306
432708
1631106
2302937
800378
740717
930
13574
1669653
1156545
2092384
2425944
819405
1930023
2562143
2263896
795291
2207898
458175
1322055
154305
1382652
259311
699311
1108758
1840439
1123053
2370821
1591351
1327792
325564
474569
1204768
1310199
571866
1532073
209557
2022137
959888
1901160
196435
478476
1176173
637629
500730
55297
650503
1314356
180278
1891497
868631
2419273
1330958
1138349
2151612
210401
1874686
2193729
2329696
2387043
2243357
462951
1332251
1254247
1629950
1023052
2212592
1220024
1291666
2322022
220032
795016
2154902
724905
2195283
1926041
510996
193185
2583633
2291221
1583858
1095653
2732:
1377173
1218846
2209724
939195
2486770
74130
389371
612729
2169577
2355310
787554
2345628
1241395
503445
946300
2386732
2156731
2223821
1849490
521081
808197
2320538
1627746
2155515
564529
1908378
1910923
2515038
39221
211951
593173
1775437
628234
2165816
269305
1356327
167763
122524
1139681
1184912
940477
1439407
1221133
2733:
1599388
1688052
904195
2525493
1947546
2068349
1044571
469710
1449929
1985123
963428
95184
2734:
1561326
1601783
2198355
818766
955502
2114550
2006197
36818
931327
144015
2298817
610103
742219
709749
569702
1872912
978825
1191104
1745166
2067185
1616465
1013559
534562
1923258
603426
554314
1210625
482315
175828
1012011
2083167
917537
818624
2459376
2430251
1148754
1033643
430584
380762
827474
66902
1983057
2209482
591772
1736062
1980320
1781358
1821063
2392382
1673300
2297762
1850164
1465754
1121380
1246798
2314682
869290
1280147
856206
2584573
2446280
449129
1658588
1194759
981046
1741131
96229
588505
2059698
511017
2231013
1858964
282417
1009636
1094597
1960063
1207742
686427
2577989
1782189
1731094
1638932
1633721
1856804
697831
1915504
1020930
90615
2272913
1815354
1172958
2085621
59901
1351220
1681954
1373742
2492123
586276
558480
1546450
117742
755209
1149667
91114
39042
437876
1543596
2442666
523839
1789330
1702773
1058843
2147114
1434495
2455587
1239477
2141086
1197440
33972
2401755
1785266
1024981
144870
415645
2053117
976520
1257144
2088401
701960
2369179
958234
498580
133441
1657840
638108
934477
1998215
944129
1208325
1414169
96402
2349392
1337730
87014
765728
1837379
1199280
1627782
503178
604087
316492
2440006
1254033
2306138
2400726
2142814
452001
743415
1011449
1281665
552330
1217212
101300
2199867
372081
1885251
1448212
2216369
1999723
1951973
423913
1427149
916262
644638
1583357
1667864
1850173
2001061
1267565
2620205
48202
1219042
258667
1560244
1259152
2646591
1948871
307918
2062534
2181491
1357007
1738787
2286343
669936
1215201
1283911
592429
294812
1137362
2409219
83476
1571564
2260170
1353371
1202225
1016612
396023
844268
246959
2385493
76670
907969
589138
2470653
989152
1447844
2462935
1387864
1258916
532414
1413189
2364390
195681
862804
174448
1592760
2140998
1383748
21054
1170353
1570252
1660412
2025296
2520896
2190552
881071
2314956
1751775
382294
1250198
489113
209837
1416010
247933
666840
1982123
1011318
1998787
2039564
1296032
1027142
2108832
2450494
1973263
1995871
1893772
1620288
2578240
1579873
1615039
13061
2173681
1356785
725140
283465
575789
1316574
1800813
1672900
222297
1362008
2528141
1062087
2304148
324599
1694148
1856803
9928
1573408
2417349
94778
4298
428799
1405529
2295944
1899111
2582645
934230
1704858
754557
1512786
1498364
1470627
516097
1179691
2157879
933440
1702639
1166526
283982
1751436
168360
974386
2141441
95999
396443
1927892
1070464
782025
615078
1887386
2309387
2622697
1414982
420029
59805
1776445
2066475
41587
882578
1435998
1517455
2365521
592776
2035699
1913179
255075
700161
1309349
142410
1924367
1847946
843611
726756
240371
800584
694141
861309
1069243
1871881
1152685
1780777
715930
2546335
1340633
2432014
1085587
143920
1602117
2420713
1646924
1035611
1396058
846672
1042085
948124
1498397
272857
2603750
100965
390127
2499096
379989
2235482
179167
1108367
1593795
87898
1182526
1410149
1362728
821703
2735:
823613
1951132
2367478
835102
1902959
317168
1469890
1565526
1058304
1720485
2216515
691086
128325
2505439
2079367
2390279
468031
1483876
1867956
2014535
259103
1499964
1299959
1863329
820323
313229
2643281
161383
934497
1860324
746281
1316423
495517
2509542
868232
412211
545670
1225174
1068501
620991
1388681
2398912
1654893
124635
943811
630811
2428284
506911
1057324
789527
501420
1522035
327863
149877
1722731
124442
1043265
26326
538961
2473228
2374717
1393159
1814827
2009562
2565003
669915
1101916
233658
636434
2152856
2268441
901014
854398
1772587
157567
1069467
2228191
1048453
506482
1452879
1963623
2471502
259581
635884
698249
894645
46000
1897524
30457
370508
1844943
1990195
2574617
2291703
2379998
2010114
1775996
311174
121921
1989775
2492330
64522
101537
533377
1283723
2366307
1272214
1061057
1387497
1154038
2415066
17782
1705283
908547
189684
2099982
1620511
2063452
2150972
1679928
2629205
2599765
1373025
2301639
1671708
2603572
273989
1730227
951402
2152273
139845
2262277
85376
1844863
1817059
1276084
2240198
363516
1338181
1682608
1741677
1388663
1218377
1972787
373213
1566467
375894
2161872
1767320
2593676
811634
481981
2149186
47158
2255613
2110335
325413
2293344
505275
205485
1561346
1157706
656547
1987336
965547
286205
101574
1785324
1459166
1240285
1189617
2004032
1950582
2003948
1640734
2736:
2341822
2395116
1647269
1250675
369943
6971:
2435946
2455138
1269977
1864076
196684
2544170
1080738
1250759
508551
2126659
617945
1310250
550360
963273
267768
2329249
2131102
877350
1432647
704922
2379726
2434971
1465039
1843399
1370372
2270454
1171714
2156596
440507
1934142
1444867
1871075
1009777
1390877
326914
1597730
2441835
1094966
1660059
329976
356037
1711022
2539488
160548
1200726
2011360
1443570
1930792
