1:
30878
2647871
1283744
2488120
317050
1904905
1989766
14756
1027056
1149588
1394012
1406595
2529547
1682104
2625019
2603381
1774623
470861
712610
1772839
1059319
2380848
548064
10:
1952305
1531863
1000:
2326571
977808
1010534
1861759
79755
98259
1960212
97460
2623506
2409123
1959111
809597
2251189
537705
929584
506737
708895
1900790
2553920
1196779
2411446
1002296
1580442
100291
433455
2368043
906984
10000:
200206
523108
10001:
262828
2609496
1474804
831991
267142
2305771
220050
1959883
27822
2570808
90355
2417258
264764
143866
766895
714089
2350428
10002:
1450941
1213181
308502
2581993
10003:
1515111
10004:
1737087
1270334
1262711
1903515
2140798
2479158
2161335
2099522
1291600
2198877
2214717
1936582
84804
1257912
1263375
735147
1186407
350806
1141242
638738
590598
1704823
2238464
273497
2499539
2543444
119309
2540335
129495
956464
1648424
10005:
254775
1892654
469365
793736
926698
10006:
1093333
1982605
1534853
1632583
10007:
1204847
2160216
248206
835054
1064667
2419805
2084848
671106
2087887
1340891
1917538
2018945
2520477
10008:
1813636
2048630
930946
1492860
1687570
1122917
1885441
10009:
1927533
1789102
2263612
964421
701514
2120902
1001:
1050889
67976
1025642
624334
239718
549109
143504
584301
437680
2434971
400819
1841130
1926199
805709
545109
662875
74408
529725
1786012
2382523
1358422
780049
1894639
1014799
2176030
286045
1381947
386254
224172
404085
2005305
1956315
2580275
2110738
1525405
2187027
1995906
2133433
2097983
884805
2083077
1642134
2550380
2559056
1080407
1455000
498315
2464251
1149181
2117376
1368543
1216717
1727516
1771413
2326782
2423679
1198786
1042938
2640911
328713
2591056
256030
1363889
2615076
52736
1359594
1385396
2414993
1274754
715115
795536
1991455
1107351
1451770
1433190
1769644
875020
2456714
906813
837457
672807
1863197
2585014
666419
1849372
1308814
2344636
755775
768710
2334860
468090
1996056
1603215
274970
1060880
721144
1381762
1589154
2033841
1372601
2339869
41031
655047
916708
1924771
1686092
1552908
329102
1181907
1762077
1583835
773994
25452
321005
1369500
2429351
396491
1745676
2204817
2624938
491487
1298591
77828
1047191
2642897
2494183
1337506
1802655
126058
940778
1988427
1720476
1947287
31062
10010:
1462925
52050
650466
1813166
2224061
815731
154626
531384
696688
1088633
639327
59938
1856669
2034703
1060588
2475682
1075860
1633365
681503
186927
2374977
2113696
1677862
10011:
1624701
2646826
10012:
2445069
1483604
418164
2491070
1485175
1043648
1913770
2560523
2416960
161063
56741
2301550
1275794
10013:
2503691
1222878
843201
2271154
1346139
124014
1501028
2201453
225422
222553
1521657
295833
10616
512945
844777
973206
2246803
395087
2360499
1153049
1846387
1454544
1018789
914602
1321443
1150421
2045002
1379641
178089
291407
2229322
2177405
105997
2346736
1729494
472225
1233535
1529676
1414279
461311
1715286
1714052
649457
451510
494014
1544885
110412
1894679
1006623
467438
776931
952735
221590
348279
1911099
1923760
397753
10014:
1626179
1359761
430376
723484
839609
10015:
975179
829739
1732761
2162539
933118
467156
164480
613439
1312973
1769664
2477285
484575
2602717
1320821
1236649
705793
1395812
2056853
770517
1514136
988835
1172474
1213571
1801332
1623337
588400
2378764
2405069
10016:
1751359
234929
1759349
1604433
1003759
10017:
2280428
1129341
1377724
10018:
305767
2316945
2173031
676747
354053
2119257
2282361
1670793
1960248
73918
1516345
1236649
1403470
913554
647979
404170
2487526
502190
801510
2126132
1652905
828150
1634975
324441
1569186
905901
1435115
1140656
423065
178629
10019:
22036
1126085
487154
261890
204512
2350988
943653
1725053
1967016
2042897
513351
467597
475394
610785
1191387
2597191
289045
1466477
1970876
1259566
2049251
2535358
1041111
67095
1989902
1796655
1772740
2356037
884657
1367415
1394476
1137339
658929
518974
1568346
371346
1207852
719156
1151159
1882122
1340177
306688
2455675
1750548
2145783
1191324
389917
505579
814902
245527
1462807
459444
1591721
1214125
398395
2093048
1933736
1274113
1994982
258371
378543
1703266
2250647
2085688
2391227
2380848
1116868
2157768
1306541
1002:
2174660
1685301
2030264
1419286
2520929
2035568
1288929
1680156
1858104
988266
2633719
156594
1384253
1417842
10020:
922636
1967058
1949297
1562927
2138373
431122
1077653
167248
776126
722639
2341725
1252652
251807
1751559
2398282
705246
47787
1064752
2308022
2414321
945481
1854443
2035232
951643
2381070
1011906
908968
10021:
2366406
1033592
249998
1205724
10022:
510391
268014
2511719
661571
1824779
2178013
2104013
1829777
10023:
1429287
1321374
2563028
679315
1363076
982889
2107604
2286495
1756370
2317624
2548120
10024:
2059382
1210053
1654205
2027932
311377
2161379
1611053
516686
2529292
2248946
10025:
1791064
10027:
401511
2354884
1951605
1609548
2620148
37748
2414149
748800
1050405
408479
2361485
97178
329172
307876
812384
1619494
978638
825069
2472069
1837559
1549473
163607
932638
2106623
2611092
2602187
2310492
916375
1591556
2389108
1422109
764479
1945345
2308597
2092389
2505218
1973874
174668
672519
2568396
2015359
2228062
202876
2163080
2422758
536155
1179516
1503954
1967313
2577872
2327767
1169517
2269919
1608374
425537
1658682
669364
2057570
564258
1744450
527270
1656050
2420503
767061
1200899
712624
1955071
347886
1229916
1825013
402519
523629
58130
1155332
685923
2605052
865625
919670
1606382
1637481
644233
2011133
2055639
1766599
2032781
2609268
1561126
572440
10028:
1986255
1312610
1527666
1606775
1649392
1522640
440956
2206:
1022388
1681133
1810565
1005166
1631581
277837
334242
2564924
2153166
1523505
1812630
1137197
1533550
835353
1258373
29279
912687
130956
2207:
663276
1217538
740298
660986
899034
794512
317858
2258923
2136200
2437255
2208:
1714578
1847188
1128902
769942
1039544
2209:
1511061
2380998
2622262
2147817
1916164
79519
1614527
1463488
1174868
1486496
1596099
2136965
133240
2119104
852887
1350103
292617
969636
1405996
1984789
810718
1099543
1605672
2248740
1665333
1686792
2436788
380500
2266645
467720
1393812
85877
1455082
1662860
1160255
2085499
1555689
760176
2359959
543597
2571477
384217
186575
2224918
1473286
1993011
2555325
2087767
1680312
460608
55252
410312
659377
1311752
33095
1381395
2082228
2609942
2434157
2008099
2130660
2253149
2390381
2541696
599550
264423
2316446
340264
760250
1415526
854915
306809
2427900
2516911
1868740
559594
2106963
1646762
1955103
1557159
1087650
2030530
2326716
2365729
2646139
2155935
660171
2176216
485448
1778386
1448116
2573601
892162
828452
508990
2587812
1097184
2090011
2133043
405527
2438136
198936
1026705
1965915
1333317
900312
886162
1284018
1189853
1497889
678320
1525099
2222904
2223414
771623
719418
2523110
1493418
1057940
1531714
897423
2541428
1144870
1910072
2413766
1105134
2572086
2619396
730445
1717881
2617507
1992168
2570342
1210527
2574603
392883
668518
1095646
1210196
1520733
287967
2009965
629671
1802425
50901
872160
859685
637671
76223
1846341
1832286
1480055
89626
2272646
1864790
2195881
868458
599762
1975825
697995
1518686
1839968
1362403
767295
1740895
1323819
241909
497674
1866756
586468
545275
1701687
1502212
1178966
1125979
652378
846221
782413
2324946
609049
1038838
1306605
694872
2077232
2060176
2516267
1555214
1716308
1479933
1441589
21691
1894201
478207
2093597
2056360
2152932
565078
1604836
1622110
885258
151479
2221481
1513947
852295
1050406
474904
1265479
1925896
299274
865660
1833149
2114170
1612717
1373690
2102413
1353296
308767
1885959
74025
28135
2343967
562555
1177880
1431866
1292669
938812
196020
361148
198887
1642922
247
2387024
1574840
283606
730174
490457
1539167
1597102
900416
1524845
642583
435686
2411655
2459559
964343
2069743
1269285
707682
793597
1688062
746551
2430416
1733802
1487954
437366
2120609
1448796
1180349
1151542
2529456
1803179
2358114
2294537
2595323
1543923
187803
2008590
2090037
1761040
199993
321752
2464508
2333939
994059
16935
509304
1293112
2078281
779002
2515408
1569912
2522734
1607526
2108258
1015195
323731
1479227
2525299
945819
680630
1061520
1953710
2284668
1356414
1889717
1230065
72986
596684
863523
1493256
2553195
1234177
1967973
2321243
43817
811015
803440
1117149
74448
1352829
650158
2310051
850488
152309
1518608
1853106
2251189
1509196
89157
2284580
1084898
66451
1871278
1951715
1957155
1701039
1391213
1760955
225583
2574229
2587071
1992505
1707879
1126328
142504
1658378
427318
516216
2128375
2282493
73046
1825654
978011
2004316
186762
32335
2333099
15530
1918481
420262
1857683
2509413
678658
1698751
318080
2282941
1916203
191468
1658496
2411102
2556467
2146504
305264
1591713
439797
2087106
2057845
1348944
450713
1347505
1760319
1517800
641817
150994
309992
1336366
1081502
2165255
1028705
1715627
1679274
670550
1385809
1058573
967330
69907
259812
1096122
1010625
889214
2209935
1507958
2449026
1226346
2392748
1707912
2307363
391101
334165
1316492
2161997
482842
1300503
2126421
866008
2075097
2305700
361755
1667948
642359
2148312
2503369
326792
728236
432175
2423419
1973028
816110
506739
2175857
785474
908588
164296
409613
2029716
1310906
2271260
2119109
114980
919816
939940
843183
1188544
1106958
1026353
1081758
1605102
748992
171077
760236
222229
2184932
1225952
374421
1409668
985528
1599414
788222
1452702
2333484
1281493
2273379
1578516
832251
2086199
2503882
2218519
2228731
83019
2378440
378218
1048500
1225020
2395402
17287
637413
2474299
2636707
1372532
44450
2035923
1380130
2369292
173341
1922245
1012716
1191452
1506839
2199619
243482
1898679
114187
2044732
312141
2047133
1570141
1608111
895151
2495414
1956017
1565049
1533108
1193453
419351
1443107
1877821
2240722
1536189
885467
226144
1020419
2623860
1149610
1731028
1400861
2097691
1085967
2241741
1061057
5742
112726
1075675
2573154
2434592
580869
2221194
2164374
2295401
1134504
2515117
230359
1057155
935685
41619
1685731
1179586
1907084
1232002
334973
2549013
1649726
191477
2150255
298637
2354287
2394935
1895753
135637
264514
449975
936932
1505985
898892
1208987
400107
144253
315416
1398514
2188674
2066267
3031
1968657
1890979
669108
2204523
562771
716592
1978846
1142118
642827
2516474
1376052
879534
1209141
1809208
496723
1356387
992960
2210880
2074598
2443407
1914112
8382
1276660
199678
1893696
2554637
1063155
1310968
110198
1915567
873499
1716752
1106636
731101
1176644
1236789
1082930
161803
2231738
416596
1800224
1895189
577997
914258
245508
832145
2539111
989010
872149
179299
2149785
375562
1384378
2230007
2093580
126701
1221251
1448595
1526613
286680
2455177
2124405
2455686
930133
1553053
2544181
2617259
1339335
1601882
245776
1882376
291735
15790
313190
2613324
251055
47100
2582123
974614
2161802
1326854
884585
713067
1013762
2208814
1672743
1741175
2040089
628202
2615418
2509757
2053820
1678361
934430
1456403
1737912
1343962
1982161
1429837
2412227
1318638
1323733
300420
1067655
478964
1650
2037050
92598
2630198
1143632
1490401
1779451
1456888
492
1831664
1236353
296994
1131694
1892750
2378118
364239
878671
862136
1771329
997471
1758583
2520112
709048
519594
1717541
1011269
1709488
692260
2012951
1377139
1618180
67148
1191075
2014655
12469
2433626
153933
2408920
261789
242244
1125773
1599878
1507830
1376641
625411
27106
4159
1275164
543579
496576
2252227
550921
984617
2152052
2586731
1214164
1245361
2165864
1329133
792385
1120220
116022
1163993
1225250
755495
565485
611047
1724759
1144631
10485
1022328
2136087
2609771
2058206
1501734
238964
62218
32822
2167940
10593
2560377
162120
973074
802155
1881972
2468898
1171460
713922
2468375
1267873
43865
2159471
1590054
950572
1541560
200642
434462
1730806
146806
1456264
1942788
1082591
488055
1614845