1002:
2174660
1685301
2030264
1419286
2520929
2035568
1288929
1680156
1858104
988266
2633719
156594
1384253
1417842
10020:
922636
1967058
1949297
1562927
2138373
431122
1077653
167248
776126
722639
2341725
1252652
251807
1751559
2398282
705246
47787
1064752
2308022
2414321
945481
1854443
2035232
951643
2381070
1011906
908968
10551:
1467118
2163656
1374260
1510334
2017539
631323
824723
652238
2519245
1492392
1996051
1232118
10552:
395100
714334
360787
311996
2412155
373749
548723
369691
1187391
2241715
1232563
800057
123633
1446694
35754
792965
720508
1517010
1391904
693829
748794
467333
526709
952272
1802778
25954
1159211
991199
1145251
1138797
922775
1011174
1227440
2196279
2640412
179452
454021
618294
1724102
1056:
2413733
106256
2601664
1979655
2607308
10560:
2211437
2096716
1884373
735813
1203769
1957719
851022
2603582
2502744
1333187
496302
896379
596648
981352
1138058
1880791
963471
1015621
1701932
1279828
1290262
1002405
488821
639447
1319603
518154
2206322
624448
945607
1820364
1791594
1615744
2423779
2193009
1000569
1293040
2450994
1826414
538367
461147
107996
123684
2351952
1701036
1164612
253017
2595154
852003
1501585
1755824
1014237
2492212
2601975
2098419
1949332
1869210
28127
395123
1268000
1008533
1604352
1559312
179210
1718876
1105034
1694673
363273
403616
2493151
2419254
1182560
1917145
300819
1742459
1455571
10948:
787407
1414340
932734
395961
38913
1143735
922344
871137
2410143
39987
1312118
1249184
10949:
1389018
75715
2143480
476608
1188087
1095:
453352
1877477
330857
440520
2080847
2525218
10951:
617164
447530
108983
1501383
976059
238079
1027781
58493
917253
2411818
1913817
7921
1581334
1663277
1071145
1324924
85701
2098079
190408
533714
746281
207240
2610088
1232618
988572
2408123
2430028
2188046
1385808
667381
1930874
177728
1931354
2188580
504600
368755
1430784
1598285
994563
1353566
733956
753080
675659
1587839
64120
939439
1773470
698801
594683
1782844
168895
1123673
913563
2312635
2490190
1580542
1708276
1956904
813327
672919
1436054
971331
2252424
1007980
1570214
2226035
2208964
2229831
1052756
2508105
464899
332284
114341
2517137
369827
1288242
330376
1686628
10954:
1991103
473302
1927138
1591663
2264105
922971
10955:
659070
1833576
708082
1005837
1097315
2465404
1781917
1391720
2592685
20428
10956:
287169
1321089
1056645
1819462
1392004
548357
438833
10957:
2052822
1261446
310689
233264
1876316
950040
1650205
1646944
184961
516373
106289
2361471
2190334
122890
2116784
810106
2182050
485946
2626335
1288985
10958:
1701976
1389553
873981
2334771
2292335
1643109
10959:
1012477
751666
1393117
1063361
408960
1195043
1311916
501174
2138785
340363
1725375
2636825
105115
2071914
1741200
1509857
246649
10960:
676738
1938613
546610
532974
1782947
801510
2225399
2053767
10961:
954490
447612
427224
2443000
1606489
687246
689920
281032
2619643
10962:
353820
308808
2626313
378459
1687771
2437565
1120985
865801
328791
92786
1362138
1700789
1971766
1517817
2274004
545365
2130714
443212
1455446
2192974
10963:
253612
317264
398721
410774
681212
1070192
351076
1099746
989842
10974:
1522549
723818
2634777
10975:
912951
2239040
1094856
1458809
10976:
102104
274699
76023
2631679
1613267
1203555
1618595
10977:
799308
253631
1549300
2164172
2227105
652745
1754654
946843
138630
10979:
1485220
2296759
2443068
2646481
106641
366301
1791615
2342898
1325477
1609295
624365
1262258
1114493
611830
2163722
10983:
21612
1888972
1002639
10984:
1253498
1020403
2528057
1433516
143799
1046387
740403
1715251
1155020
973381
1586815
2058985
2369798
703543
938012
10985:
895154
10986:
2121201
2312677
2104820
2528635
523965
108731
820776
2002912
276698
2028220
1918123
2194097
779629
2259898
1851307
2457397
1644477
1989892
2550446
310985
610882
2612303
1641731
560494
1438900
858516
2498219
72298
1465243
1064846
1352636
482557
326278
761259
1399326
969672
400226
1597684
1199243
1540925
2029519
212883
1345024
2010581
1905225
1373898
2151225
216007
108368
480390
457848
873440
62801
151982
466526
1505614
1863413
1278752
402913
1270290
113501
1139160
2462029
2080139
730802
1467381
2530999
2017110
2158761
2534784
2051307
347243
1248362
962193
2431515
1194898
1035735
701440
2025687
1582073
870511
975115
1494150
634353
1276214
2302659
2451386
393413
32991
2157902
1841295
1295760
1003837
1711099
807291
404199
290900
339284
604840
1369154
1062707
787408
577923
858963
1380802
285684
2092886
1310277
2186095
789505
1773643
916160
2299352
698018
1962550
1410182
585027
691886
292433
874452
654420
1443007
2559782
950457
1583036
371734
931012
1933037
831979
679881
881000
388435
461839
2602339
856664
1099294
1126966
506090
594032
1887325
1525696
382839
294994
2138172
2443536
1615223
1498722
2516245
1462906
139752
684215
630012
1463993
731633
452033
1410680
641496
2471029
2582617
1967983
124967
1070328
1030545
1652052
569889
2202820
2143035
462904
1065796
2565258
506970
2265286
1513120
2007028
1398991
1062752
570444
2403997
1541102
1466202
1240630
510539
2532571
931442
1753210
1504615
1986367
1573571
2085030
1772174
801775
1275897
474112
29185
466631
436750
160894
1546157
1143382
2151704
1516365
2528380
1762985
1573384
2390188
1252451
304940
531725
764357
2044950
2002894
2178362
88949
999892
1228603
1538711
1172598
2388510
20810
382583
840926
1132488
1927513
1063432
1940433
1522023
2216100
1374740
1593002
2352909
718008
112559
1021472
708269
1861830
2368247
12085:
1312395
1198093
985381
2023884
1473823
2552739
540823
2066458
528356
479291
283788
2220306
1570226
1249086
1118902
987150
2425935
2640350
2082932
1933526
2522148
383291
495581
2484725
76772
149603
2387083
1192151
2585075
1194560
2083486
1495847
567403
741486
654411
1257934
1731450
1572817
1631065
2513690
58915
890668
1439685
68228
12086:
2281954
610167
359663
1416020
2500402
1186401
1503916
2050793
12087:
2070435
1260508
770088
564895
2396236
721998
505418
2277686
909916
2360396
626225
13066:
1988954
102125
2224424
13067:
1534640
920881
2466198
2067268
1663166
519364
782192
229761
1341972
2125858
187322
1710762
1304245
1684573
2217034
1640500
1256622
1754252
2064539
1817026
631874
112927
1575866
1557419
2158969
1170509
1522369
1298711
1087903
1367284
1913894
620739
539701
1716322
1024093
264809
162545
2448261
2367955
1307347
1769904
645712
1724286
13068:
749620
198670
1716918
1035976
1630675
2626200
1593536
476167
391929
1248972
2416191
1047830
686986
2619913
1104601
277176
1095446
1477787
1392225
2548450
417422
827526
366772
1567568
1762296
644676
541826
284348
2636825
1794664
1363120
1283917
1107152
14204:
2500863
891073
1644907
14205:
1212442
939340
1599243
2434899
1287029
524707
1621654
525823
92068
1465869
978418
2636710
598926
2517330
1475141
1021618
1091700
2240371
2222031
2496014
1104959
1298215
3689
689472
14206:
1329758
1815245
2013310
1689782
481749
1902128
1405418
776230
1390139
1529588
264484
244805
398040
43024
14208:
2104099
15472:
50996
658396
721754
730191
770308
65847
1674948
2368838
547017
1762272
2172043
2602022
1498913
1479331
158190
2018269
1888439
995038
876697
711304
2631725
958004
2454030
1041650
840289
1638837
923849
1408501
1232144
360277
1379037
1688856
255836
2582500
1301562
1426620
3802
516689
1029494
232072
70721
1541542
465827
1821869
2096493
273163
2156493
2099174
404581
1736
732955
679654
87827
1672391
2274144
1650580
1153029
892309
402449
714202
2244807
843268
2390120
1850034
1235179
1906508
2198330
1637482
1602735
2124286
2517824
526361
1373956
2141800
388192
2398212
1748459
1773757
2247406
1380905
682688
2138437
1557557
354107
2595652
494379
1245078
1603149
1894745
2044395
1974776
404083
2551783
794348
1700597
1924420
2116414
1091336
441686
2069725
132432
388609
338047
2239449
1058184
1880064
2319203
667045
2427935
442160
2030798
2485579
2124558
1495354
688399
1629030
1735479
143784
493550
1543555
1811023
1996102
1956443
164110
1099626
2432513
1216680
369662
1226271
142309
2181248
1300343
697734
619878
1285255
2359708
2460130
912490
1714427
2467005
15473:
2300312
2027183
342956
1136480
2623981
2365876
528412
2579439
1339779
974637
700827
189054
2533777
1198431
1850532
161063
1707129
1632794
2457476
1838524
881914
644970
544646
1280006
2071429
969762
1616888
494947
368309
197698
1151894
16785:
1349011
2220238
1838886
451064
527537
114526
174508
2149439
690211
2033610
180653
1972288
642071
113090
1172851
2642752
469045
1579607
2407389
1571239
522176
1281639
1122407
215580
1513510
1891239
1828331
876412
1940862
2544428
211010
1511243
1656649
1169487
2554209
2522123
2251933
2080458
2435544
548572
16786:
495373
1483307
1485959
1282705
1474031
843762
573288
2343797
16788:
1569545
1518744
899810
2549925
1900558
2041150
455264
972349
153907
2167891
1240793
751657
192812
583220
584201
1331920
1820165
1752680
251394
30751
1908303
1680398
1242071
2626595
1923654
238384
919245
1758639
764583
1940862
2270930
2572181
1536289
1684659
1475847
1026479
1449272
1110428
2290046
2576156
2556310
2136705
2607183
16789:
1683296
1794928
399789
2328136
2498382
439768
2247326
1799:
2296008
1183569
311853
2473869
2034250
1967098
185150
2045147
311511
1415836
785372
2456198
475876
439821
283369
1054992
1203767
2385745
1438605
2190793
2310793
1422441
388502
232960
1399440
10894
629498
220482
1279309
1290302
2169097
180619
2028232
52314
623076
1078399
1939279
638486
344252
924822
875859
1377921
2133057
2576190
836070
353940
1807829
1177233
1271659
477941
1264568
1155801
2172383
1972081
947725
232566
467270
2646952
658690
672236
148751
2055277
2129:
980043
214144
675574
291654
2187786
556633
2426974
532230
1738133
2050847
2348685
839726
1365383
1312448
1622407
2560930
2433451
1963419
1498249
756643
739313
1322818
1979471
2281318
2423629
784776
213:
127372
1234622
1637605
1768423
1286513
521461
1898964
1078942
998129
331729
1257703
549107
1227885
2117630
1602514
65365
2646653
1201503
1950224
925877
1048996
2044421
2150322
669913
1782693
578063
2503833
471312
423118
375888
2257983
1512514
2445790
1535236
243389
554063
2130:
2561193
2041712
609302
520980
1614117
1198852
2115962
205660
2272296
2159701
42790
344511
235553
2550101
913645
1184861
2032646
946300
1531411
2452554
793749
1716250
1322936
2296243
831640
1180559
289419
531277
1948186
843398
1830987
40035
1609487
2541854
798294
538384
1658511
152441
1351421
1097454
1720746
1256283
520005
87880
1806011
1733073
2533706
1792411
256886
1826801
2593784
2400091
557428
912258
1081794
2579:
610615
1832431
807490
502113
557422
2438229
2555180
475769
1072829
258:
1062033
414976
2565296
29706
2580:
1241448
691772
754712
848397
2360361
1682777
1151848
1673005
918960
627150
1463488
1155251
964202
1164265
1586713
2094064
690753
1084809
1912899
339029
180689
1781507
468879
2164235
2484505
829499
466967
996354
45283
1768190
626537
2464033
2635586
615587
253139
1998422
938935
368447
1374363
1882090
132372
1696503
998120
1480013
2088654
2305012
695752
1162813
2027703
2249977
611633
1282387
98100
1224230
614543
717564
557066
236065
1687343
2230202
440507
444049
1782688
655814
1337725
1227861
2012318
324:
1922727
339101
1226844
2281848
1807086
240120
2212550
283438
2154628
242673
3240:
2642308
1667988
1586659
1421357
1234753
100372
2369712
2061593
1355886
1113028
3241:
1706934
1612886
1752227
162906
2264249
308753
2137406
3242:
1382909
1212397
809686
1419120
60422
289523
2255167
1337115
427488
1937292
2386622
440760
1024855
1061210
871334
1071260
834899
988883
2109014
1626503
1586695
14924
843269
1424213
408252
598779
171962
2401084
2280867
2517361
567560
863328
359834
1150901
1422301
1272324
2238606
69568
1254128
164878
3243:
268467
2366548
1589469
3244:
1015550
1539617
667482
652518
300789
1151201
839420
365214
1907694
368513
3245:
2311659
378553
233264
2365159
2307303
1148604
2377767
2507922
1262066
3246:
158855
1703790
2437650
220416
1718135
852959
1496291
1626987
2618903
1153782
133381
909199
2489351
485084
578430
2477304
1709304
1415676
499648
2465503
334016
752862
1197406
2089494
42439
4417:
1341444
808731
2242835
684576
1107747
4418:
2009183
1559832
1794769
1237916
1301833
1961265
570184
1568442
812803
2351610
1766906
1927467
497953
584964
1293202
1562770
672376
617580
100294
1318378
543738
124265
605520
1563594
314863
1580389
1240821
2413149
2344963
1977821
2403703
1681286
64824
2144649
334396
1004284
1422789
809148
308171
265915
1833543
2477559
1233557
2510073
2350305
77358
477988
1799047
1991608
1408249
541930
2025340
2465374
1872994
44541
599123
17672
868296
2287855
2146220
1806306
2421592
1141325
1408953
1287249
658890
1834490
119315
1347966
1746599
653159
2445920
1527368
1987833
766702
1751088
1081096
1911534
1107655
2092154
625992
633859
548685
526950
790317
2557309
2261458
1774460
399830
617522
986417
2517791
29657
1456262
2326904
495965
798710
961971
1062124
2643577
2067162
2606263
2006959
933266
1346089
1747464
1394150
527547
1965562
987894
612799
412528
399318
1318705
389384
1779909
2280081
2606237
2166512
2625295
362235
700288
119157
1119911
2580133
213427
433319
2163324
1086237
1292949
1144520
994804
926979
245601
4419:
1295288
561998
266687
2104131
2297856
1182757
2131831
1930446
2445169
877585
170085
582381
1717179
576805
2590885
123684
1168312
1676211
2099394
295533
129929
817744
1986227
1559109
50543
2633932
2329549
1931916
1904029
2053181
1016256
491767
1682945
749522
306153
989031
442:
1990962
1348972
1748896
65353
357521
810926
906645
435820
329839
522604
143298
777411
703761
2422683
1119970
1490443
2061490
166817
1723233
2560286
1222245
2360126
2415103
26049
463638
148022
419330
1873273
862234
2566472
1061017
1416301
2565761
2157509
352160
2342189
2287832
1751336
1935965
1398236
2182550
1348335
1158538
846397
1045419
2415307
2561520
2230133
1260096
469001