1:
30878
2647871
1283744
2488120
317050
1904905
1989766
14756
1027056
1149588
1394012
1406595
2529547
1682104
2625019
2603381
1774623
470861
712610
1772839
1059319
2380848
548064
10:
1952305
1531863
1000:
2326571
977808
1010534
1861759
79755
98259
1960212
97460
2623506
2409123
1959111
809597
2251189
537705
929584
506737
708895
1900790
2553920
1196779
2411446
1002296
1580442
100291
433455
2368043
906984
10000:
200206
523108
10001:
262828
2609496
1474804
831991
267142
2305771
220050
1959883
27822
2570808
90355
2417258
264764
143866
766895
714089
2350428
10002:
1450941
1213181
308502
2581993
10003:
1515111
10004:
1737087
1270334
1262711
1903515
2140798
2479158
2161335
2099522
1291600
2198877
2214717
1936582
84804
1257912
1263375
735147
1186407
350806
1141242
638738
590598
1704823
2238464
273497
2499539
2543444
119309
2540335
129495
956464
1648424
2043:
1417435
2312054
462685
1428041
2109681
1961694
1738784
618234
1341301
214520
814483
1537068
2488713
1265920
407115
883815
619048
92970
741709
1264405
379062
2057141
1005883
2344089
2382998
520840
1985920
2505518
575320
1290406
2255034
2329552
666998
842846
2339102
1637821
203385
920816
1698418
1071161
304180
510519
1451140
2247335
1789629
2403811
848094
2343371
1001035
378352
1497891
2522429
2141954
1969939
1829281
1695701
1831368
2512721
352062
2260267
2428018
918460
535751
1493986
1518577
22537
990957
1234485
533807
455810
2280067
714070
1013320
1005911
242327
1220353
408352
479755
2646342
2623729
738899
32229
105224
65883
1382816
1411665
2118282
1971635
1258781
2250944
762349
2044:
50952
508097
596995
1467791
558551
2192303
1094367
2045:
301176
823358
1647962
1343266
1175930
1446552
1285604
2047667
2002276
2524660
1321309
399572
1712720
2496776
1517797
1133214
1550312
1172094
1161796
2573288
1713378
1927329
2440779
1597299
1478337
495006
86730
1742076
929512
1132307
1829222
170001
2246410
2397374
628085
2080766
385569
532267
840333
1877935
719366
879692
1014363
448186
94185
528559
44801
630012
323692
2122322
1198453
319707
2134425
1129831
148134
2547275
930893
2607116
1825594
2407608
824839
2619541
395436
1332150
108717
1178499
2552857
748091
1732795
2057595
198861
635417
1309663
1027572
505111
1912895
386912
1146596
962117
2175682
450713
199518
882069
1211038
36831
1433231
944487
1924668
1079036
2645535
1423796
356096
2466397
587424
1845056
1645481
1565895
660993
484849
2359032
1877945
1033915
1245539
1304797
1575121
340582
1463150
1088845
1404988
2289436
1588872
1298603
2139940
816332
1022889
815009
1445840
1999327
1072089
2250256
385042
114355
912856
642803
2375933
534657
1491751
1919612
2375936
2029750
1564062
2542172
1775437
2179735
1239486
1350551
261506
200098
1809124
2081937
879967
2256717
1823665
600710
2256549
1974806
1381285
1400966
2248748
2157080
1230604
318113
1529920
1912073
346316
1125546
798982
786026
282840
1636226
738658
1382053
2108698
1067900
2117516
2259254
1366038
478183
1910601
762430
234080
1444698
620558
495206
65078
1278115
742981
945815
1766108
658361
1900750
2295121
1983835
2046:
2350908
2527341
1608695
1394391
760213
839109
2047:
1664677
1174202
249509
2198840
2042204
569246
2322613
1793871
1913893
2186402
1605481
864123
2212136
1516496
1683449
501793
945475
31724
1925327
925266
2217856
1667071
2437552
1292730
2281942
1624976
1805463
86683
2408806
1940150
1637960
318210
812714
1330826
151974
2524139
1868251
2048:
1778851
436529
1163123
501538
1592937
133403
2457728
1600209
1863453
2112949
2089047
1922449
577350
2103332
1903439
1795474
1945575
1428902
1974807
843398
469690
2121163
1734467
266453
1261737
899516
803960
802549
1518665
997062
1293710
1374201
2179492
837304
205:
1974369
1418772
996664
2426138
78443
2467384
1223092
1426707
390851
560062
1395964
166965
2585400
1744287
1141714
1149782
2050:
1892594
34822
2410393
2610742
2636875
2051:
1413031
2064417
1518932
2381917
2575145
717404
1057642
274662
126230
798423
2274365
579391
2161977
1053735
14728
854679
1580697
2403229
1180814
2034262
1171069
431972
2342956
2604566
218645
2247427
2189453
1623952
486172
1213005
1911078
2236317
1662098
1906996
1692549
2052110
693162
754292
1294014
846266
374432
2228731
1667762
930403
2181151
2554933
1160577
629227
2024335
1028061
579707
2464325
459443
1812066
50718
820774
1663467
832536
548296
2614070
2052:
1450979
1923083
392193
1367351
686264
1037799
829291
2048685
2053:
526578
608901
1702582
2054:
352426
1245406
1636741
2055:
1389553
1376824
410537
2085522
1493430
1152949
2562634
2136342
1439169
1616157
973343
2454087
954220
1568001
949485
1423921
2609134
2528270
1632439
1024684
2056:
1756747
1508269
1254803
253900
2446710
1145993
1840900
2487125
2326912
522588
1897315
232165
1065410
3195:
945761
86121
111086
1569353
1186883
900531
3196:
1129431
383797
107934
864647
79533
1293032
3197:
71860
550323
2503156
2308631
922616
1017673
2495658
877052
1607001
2259594
696054
1320622
1893131
1168866
2107112
256747
385305
336477
296160
855431
656743
1816416
696359
2325071
1699657
1718753
773023
676474
2090821
195007
1722512
702137
1416420
2085587
771920
1032643
414301
404888
1126482
859497
768983
614611
2390501
1676968
808660
339649
739561
2574130
252727
637164
2347741
7797
792170
1386164
405045
1726548
2072134
2577231
2277285
830271
742093
1528828
1848270
2443288
538989
2054944
2066651
1855420
1133761
1688721
2051508
376276
1318033
2236365
470232
1931864
789325
741373
322051
786147
258369
2225276
1303941
632842
269442
516002
1571804
2288460
2198840
1534276
2078638
1984158
2196104
2110050
295274
2582351
717330
356536
26950
831059
1372554
1499533
968088
706349
1904339
767172
1238613
1941848
1337532
989661
1309711
1000264
392322
1405879
31443
1408842
1481853
513778
2573066
2556036
1532826
1551742
920963
816156
2183706
773457
928664
1487690
1730948
1909576
2473404
296094
2387480
353481
249637
170511
434718
2299352
1620847
951796
1251850
80511
1782265
1676831
1941416
317669
1977932
1827543
901507
1047532
1350881
297243
2487192
1173784
1687581
1772476
56025
1320168
2004767
770119
2208558
1934599
1348226
523707
2350268
1409304
2589922
881000
1687711
1255310
497016
457546
971387
2356067
886227
593303
2483037
934348
994938
865660
996868
2096362
2004264
995657
1505628
938568
2012563
70483
2161863
1317697
2155798
2217725
834612
2370850
1474427
973140
1838354
2582543
221084
194351
2512179
466053
2433849
643963
1873499
2271118
2408279
2183949
727396
1767732
412020
192147
1593805
835108
941070
626164
1210137
1197498
2080471
308757
1639425
96449
1766281
1801043
291117
232655
1352679
2354880
2274379
239854
1552871
2290607
2645123
109552
631298
2321166
599114
983104
2152436
244175
2331474
688440
432505
347760
2160222
845403
1988657
2346681
1755167
1555220
1594913
2618398
1626442
750096
1564142
788159
1347835
2461258
2291371
1866009
776487
2571485
1834155
734544
1885013
1861830
480420
1479375
2016862
67727
1864554
1800809
1503995
1093541
219836
1629386
1753057
1762811
1959929
541930
2363352
87447
421416
227758
2387990
623663
1839153
1804042
2357431
1819845
2422474
151513
431836
445098
1866087
1325663
585818
141603
294209
1719220
363797
1296729
925194
282112
315824
1813990
164319
2535941
1565332
252435
20271
1988406
1914535
2121785
1659474
2208008
1590841
1802152
758781
2607354
579679
2536092
736181
284448
2540441
274278
712182
1993930
1663462
2508167
909745
1129824
1979615
766655
2119716
2575999
1227216
1521916
1846270
20194
1160077
804633
2547259
1027978
1355408
384746
648301
2610520
1238184
779802
1237792
2622059
1188208
1464983
2014207
1939302
1224767
2099322
1182185
1959862
1129838
194714
1360127
1924859
15509
2580248
1274643
862145
1408395
637781
1306898
1027474
2132192
1940790
1593457
1916628
1771701
749574
781828
452957
1737539
31231
1194766
1897529
375461
1181487
445156
1706916
1852546
1872981
2306050
499363
1561705
2369337
373806
387743
889753
1042066
2479097
1106469
341805
407944
271104
739619
385494
2090685
1744206
720122
1085241
1721676
1939625
2540723
54550
2532773
1855826
987295
2125452
2480353
542700
1554622
1238001
1533
1854400
466998
1841774
1691009
2448336
1703889
2567880
1361318
1878
1352176
2557589
44357
585976
1863476
2082786
2155881
73988
1177332
248365
2475947
535064
56858
340639
325519
2139940
775943
905409
470328
1498438
1694783
1930621
1545235
608000
982827
1704088
1611543
1078232
2464007
2334759
90291
876969
1571849
1863477
2381151
288513
52502
343818
1936253
2526735
2296149
364513
2457996
2213554
1600400
2057375
2526778
1278862
2161440
1693032
2496910
581845
137934
1443561
798191