2361:
569999
2428477
2362:
1323903
961416
928382
1724476
2537566
1267912
656840
1315983
1949249
3039
559878
719422
2325459
2186436
1746226
2492252
2329084
893697
2228076
1323720
1960414
1266421
1691874
1821422
2045968
1987079
1077518
2612088
1902250
1179731
632952
488651
1984445
2551806
2319617
2350613
2278953
1789754
1703994
1080280
1632184
43017
1347694
128966
2329445
2572339
137091
1554990
931012
811288
2378902
1840340
865295
1826216
2518468
2079664
1329178
804663
262940
2159034
18497
1654730
1862258
1437393
165108
1794722
2589402
2561830
2232338
1262754
2625843
2271361
949737
2620325
1306465
62563
1159018
964635
2478502
2556625
1279794
1233552
646676
2256491
1025838
1188676
329801
1820400
1461094
1524789
1618099
452463
2005154
2193435
2550344
1589215
526567
1549879
967257
397510
1174324
2478107
308909
2332341
1158671
2292986
772009
914138
187949
1294626
1508395
561984
1738939
835782
1247683
771191
1823801
974720
1853990
1879777
2024510
2423939
752807
70806
1929235
2226880
397738
1596291
352437
2219478
1564307
1157965
2144740
1474251
2411478
1074827
1264193
78120
657232
349905
2220099
59410
587420
1874546
1379115
1334507
990500
2124262
373200
2552246
1976973
520337
2043681
548487
2559601
2496826
1148950
1370144
2477870
477034
2497050
2133661
2509611
1103622
1688689
1362128
1991196
343951
918189
319409
885168
958186
737051
788312
1253222
328677
1093015
1438091
1764031
513070
636520
1711865
1587695
721450
316583
814399
567573
292269
289710
1381350
828890
2209997
352461
314028
1286007
500241
17174
107079
1353981
515
177828
1605937
330028
1433910
1902629
774386
2437255
542071
1049272
1463921
2332001
1546585
1258365
2363:
1688422
1115300
1750908
645706
2334963
2364:
1199214
1734562
670296
914833
1758286
1319107
1010920
2365:
175468
60303
1737894
2037839
1595328
813192
767278
117581
1848970
2466954
826443
2366:
1818524
665055
592889
1196379
799542
1208371
1933010
769025
1025103
2225091
2138316
1394916
2037437
2555614
2450322
437672
1642718
659142
1584847
1445342
1671223
2426763
95194
110726
369146
2307064
76267
524436
2190401
1680378
760777
650216
1407919
1052076
615568
280677
311124
2367:
2467175
794991
803835
2627898
1629227
2413734
493226
858274
751520
1135850
14031
303792
438716
2368:
512307
1101235
2370252
1646918
654874
688506
2369:
1653159
294112
2338899
696079
336672
237:
105942
2459624
1874396
926197
1642209
596317
403106
1720038
2590625
2370:
2330735
108019
1441332
2136091
2116548
802763
2555273
886213
521486
2130863
800569
2327282
2045399
414396
2146788
1499189
87033
770930
613396
874011
1288639
2495650
529077
2083367
2605682
699160
2086871
1501652
150909
1480399
1339807
941605
2466682
1811389
197210
1098639
951001
2192210
241304
349690
180455
237738
1676723
760155
2097516
904912
108623
869126
2392534
2235939
470977
2151923
1330773
1932728
2371:
1967306
1416474
1899132
1155004
767972
1342762
1725679
2335603
2559458
2436327
718726
202168
2335923
1414405
2437955
722818
1310126
2017100
1397651
2444932
834598
1487216
1397447
895069
1898701
1085091
2157287
1741095
2556216
1093593
889488
2125018
1600522
1633238
1761012
1701146
249176
1504700
1973315
881750
2579891
1909859
799281
758662
1731449
243491
1193922
2118805
1977970
2037839
2224234
2086053
253915
82145
1129431
2548903
896379
1961482
138613
1146235
1397283
1473881
2510385
733089
1023102
492357
405050
672842
1034571
986402
2450020
1383887
1066463
1828461
2378016
364676
1992058
899590
1677662
191721
987480
1393246
145364
1905316
937574
780334
2338656
829138
2488713
88579
1517384
1486258
1067408
2198174
803741
1922752
70571
2347268
256588
153517
1539182
1959091
1385560
1689782
893368
341827
1714883
467491
396313
1011809
243729
1383694
958426
530137
1370513
2638166
1898242
2497281
1508075
543245
1569306
886469
134509
377413
309783
1488571
2213387
996922
1796671
84498
373425
1552269
1349444
1823272
1992268
1180319
1371228
2097998
787289
2257621
229187
828781
409100
1894496
2125448
1320025
1914198
352481
71196
216016
1044993
2316195
2254194
1891935
2628749
54286
2118415
1962229
1711448
396115
2557578
1337777
408532
239246
1340961
605803
365879
1390249
2604482
978011
994848
2296394
233658
239962
2268441
449118
1259417
728323
1280061
954966
2513840
202506
913008
1030204
2096706
2388631
841501
706742
2148414
612242
1513846
1376882
1272475
1117590
1257953
1743032
946194
823584
1278658
996467
3098
2588102
2170542
1311121
1187799
765376
1472468
673638
1364606
1737887
1621532
1737281
2410705
884200
1133299
2296402
2441624
791701
1620365
1510240
864385
1245227
1696799
744014
278368
2543816
885655
934564
328559
424177
110787
2105778
452288
485057
1926799
138589
2198317
994763
1777871
814711
747594
1729065
1965986
898278
2541527
1300674
635350
1556414
473319
2392450
721652
245516
858178
1200425
1790477
2421779
1158255
327035
1995490
1946343
252209
909511
1381762
1094102
14469
1449521
2577664
1544885
1360648
823130
2554616
775851
459089
1762235
294928
2551224
2230481
2038546
1640939
2219456
8175
1092691
2450370
1893456
1027783
521016
1638579
1097482
2128501
2476009
456416
1910429
1030315
576620
2584438
648503
2352801
2294521
189823
1652130
2027264
1879524
1524079
848624
461002
1553053
253106
59491
2229348
385269
1568280
200321
644857
264120
2143968
334261
489086
1843001
1875534
308548
868420
1517393
663491
533018
2420875
55561
261874
816478
1339269
2017716
2151517
705948
80947
1971049
1058972
1889371
2573963
2103607
2096459
1109369
194512
1775236
2620453
1427947
989333
1651414
844312
423786
213289
1589878
310712
1276100
856372
1318666
2441515
2531215
420866
521205
737403
1842259
1250325
2486399
221267
1226299
378468
1186410
1913800
2518768
1367847
337723
794206
1058574
75858
710161
2425260
713922
1945813
1081076
1407217
2250944
1950216
2453588
2372:
2532865
551423
1516375
1825313
2067598
1305926
1577790
1905780
2602019
348969
1318915
182313
2549457
786759
290621
932768
2417090
954247
656109
2583857
800053
1745114
1822274
1390914
1860007
638339
1218148
1481710
1867482
699406
349958
273066
2059382
1992227
1730816
2192186
814454
251301
1979047
1891164
2531620
1439653
1822014
1769244
2142723
102557
1068968
892842
1313436
2398184
963142
2493122
610437
1645678
29762
2368042
2325598
486272
1403434
2206364
1126767
1943146
1505057
2507180
2454570
1555985
780589
2283362
2642212
1392535
33140
1955935
1428669
2124642
1378829
2212609
765213
1371308
1250373
84477
659348
2272909
103413
509819
337512
2106351
2551143
675344
2070496
1350877
1106434
379114
1949053
2031116
638587
249001
1241394
2010835
810955
2539104
155823
1771562
497822
1153533
2168429
2542935
1899112
1064711
1866341
1581982
1225695
2464076
749275
2032060
1149604
2031706
1229063
2425192
1181045
266736
1323893
1343328
507767
134161
125918
261437
2118426
424319
959667
1725733
2427685
1194133
2560252
398340
1997978
1066248
1140164
2421330
1669857
1530396
1852551
1664546
37683
1878900
1278104
1774701
1708205
1716346
358291
1149772
2564096
1378144
1729495
2024256
1025957
240712
583463
2454141
1175789
827257
1164990
277511
146718
1842326
1924740
87634
236657
2525792
2371469
781801
687787
1541788
88564
2192278
2162641
1392259
2380951
116684
1832235
1275927
1201479
839844
2133273
2304782
1053634
820904
1763720
194461
953340
759651
290786
2302264
1489747
2052228
1713081
2554267
1909808
1916267
389245
2074791
2083775
2174333
158065
152583
1557498
757170
500835
1415619
1905087
1161520
964665
2621671
1111541
229327
2214572
417437
2145645
2346997
2537014
2182218
2308898
2107783
99647
2216726
994447
1124628
1171943
606414
739561
694152
1080088
1416630
2158474
941647
922061
2565554
2430280
2401257
1115814
1821159
2509882
2264576
701407
1652808
2381425
808102
237456
2255186
1808423
463760
923469
2535560
1787045
1927897
1657985
12247
136430
1078112
726146
1779659
2511583
546506
650675
2111147
903001
275746
1883661
692692
1635863
2243897
1664589
869318
1279177
1364957
298974
1384642
195009
175184
2046356
771421
1441662
394993
1835343
883797
2011841
1218721
148042
2002176
79009
1431124
2004779
1115391
1401656
418629
652879
1551908
1097571
1452848
2051777
1802776
2080813
618973
35703
683896
2354054
59019
1750715
1153623
3589
266381
653321
137628
753379
2103788
622606
1015558
1824005
1659705
1927852
2364563
916449
338649
2006088
122652
1411301
219918
925562
1786412
2251319
343080
1726497
1207220
628716
789710
54180
856530
1422990
1668096
2046765
2597915
2074777
70368
2016006
2534299
860450
3354
2012745
2074611
1819880
1035179
2492314
736480
1958253
1059099
71259
1896991
1413561
2483930
90386
2489675
166848
45989
611447
1552457
1114228
2313051
621931
124457
1197466
1410843
1797705
723541
1117765
1718457
842389
1729848
1909104
1193281
749504
1209167
1699767
1994224
614853
2604609
648336
1008788
1779285
371101
2218535
1169521
271764
658368
1643293
421572
718422
1741416
1508767
1241229
623832
1488323
2175437
1464474
1499823
1137287
2186528
963604
706064
1880795
2008128
1928356
1950048
1093004
28577
2077322
2248310
753930
2380391
1641285
552602
1701634
572778
2449823
431184
1854547
305513
1935593
2244760
432142
1402600
1740700
1730594
610584
1558650
2311429
2398842
2235671
1803727
2329994
846113
2444746
2491566
1870855
1586499
2137110
1107884
748647
2558340
741534
2501947
913429
1817656
741230
2163956
1337492
2460799
307400
1298573
1913518
1318558
828177
324701
161133
1378895
1945296
922870
574439
1186496
273057
2198035
1331175
2166692
921931
1932394
215702
2112873
295967
1018798
174213
306332
41971
28909
2243308
1257208
1784942
627597
602893
1891216
1474935
313077
2204280
1971821
1936555
258236
2563977
2383642
2535126
531235
2320398
1988000
2282023
1138061
1469191
16060
2238193
815128
2350894
1079746
935525
1031471
2529246
745074
2423085
2037546
702795
2593395
685242
398088
1382136
431940
700580
1301905
2343674
625619
2627372
1981039
2255121
1879026
95609
1910936
1429675
119885
1217509
182109
255422
35240
1096257
2500818
294003
1942584
617587
819366
2583662
526256
529463
836051
2627042
2493616
2037485
754577
1052105
1437762
13484
166031
415453
639657
219819
2160871
647095
534506
1037749
256395
1840186
633529
2547993
1633298
27693
819904
123707
111363
2311724
2337905
2408530
474617
1579045
