3047:
2359216
1917744
26533
2431565
121448
1231207
2598220
2071594
789481
1205115
131264
1520052
1960906
2521883
1289189
1803438
1234115
1652932
13076
569577
1050714
482107
569928
1859795
612760
2518375
2565503
82235
1986551
2513372
1973831
1377882
1240319
658905
788381
1121569
2305219
1179204
273493
388049
2380601
509042
765453
1841881
3048:
1971581
2437981
2388479
2211740
1606468
1535022
979892
3049:
1850590
1273644
1609090
2559089
305:
1268551
329896
620920
1015986
2320564
621716
463638
480598
419330
1814344
1767281
2631649
1503368
586916
941624
112519
2168669
735848
683878
431115
1666890
1275060
776076
1326266
2426008
574745
354818
393519
1258502
2217043
1264758
1278721
126421
29318
610622
1907719
700329
1734252
561362
860231
2621846
691878
1288714
1450842
2265091
312299
1273710
2251357
2178619
1582864
492355
2398236
2368811
1726834
180333
129174
68526
2046549
2522068
1927778
2327507
147760
1932517
350499
1185333
2150521
2136351
162012
373082
2415035
738534
974903
2570628
1157184
2398075
1653998
1692716
958159
1053860
2286536
399586
155123
1244399
942676
129054
2391943
1394988
163664
723094
2082484
365559
1446328
1331964
568431
1744557
1725399
903613
952185
97323
1650462
2262873
659034
15893
1295424
1076299
487746
394280
962321
2640023
2494786
1940787
1467430
1644089
2217732
2192420
40408
1782123
440274
1889330
651072
1661515
1063583
2173717
2188505
1840971
879123
2348723
2520865
156401
2109186
720310
114294
869206
281784
55675
2441027
1949976
2556001
226308
1726607
1858094
1459896
31934
894141
810007
1961590
1156376
2365671
1506247
2383621
453049
1057681
1261478
2091079
1495334
175410
892283
470153
1963826
2080743
874537
112771
1867839
445501
351341
2106417
2110989
1421224
1415288
1451031
261081
2241438
319935
1223184
993550
1469344
1754350
2544488
204380
927541
614916
1064738
1115110
1776262
1274992
474247
1195221
1462716
1162428
2495182
2412892
1498541
1729344
1107558
310078
491443
1224880
618035
487790
1498816
1315759
1977476
413855
1193952
2269352
554171
1807859
33089
823644
720831
1514327
810998
807877
2203937
2284447
1653782
597100
1505075
186346
783087
2108238
655170
862267
2337931
711385
1935189
1353633
965881
1097414
2473070
2377859
2589659
2344081
415691
1070146
335684
50081
2547357
1886773
1326357
242121
2249992
493098
797038
1120748
799006
2094351
623943
1905252
1373829
556384
1422945
5948
1277848
1568124
599079
1433164
964547
794215
2461071
2368480
979016
189117
2127063
1486389
435374
2235183
1707042
1374259
777762
742162
422798
1808439
487091
13972
1922047
1308305
106189
1990128
608563
1761236
869642
1956700
177171
1564609
2267734
1444777
2591251
1879449
239268
2020157
2603173
834614
1466362
298045
1227241
405661
931279
1724815
553678
2592764
1572040
1388663
1091839
1675407
414222
466819
1088559
725207
1866635
1093796
1065645
1451817
775418
293749
10520
1867743
1752775
1129848
552643
1350971
223264
1834097
1356127
2252211
1537569
1669659
1471529
2296057
1123397
1246789
812593
1409892
2024670
1270377
293314
314204
1741801
1646899
764574
199418
2002728
1676423
2122377
1347258
1426797
1043671
2378461
2434761
2227620
1521161
1957476
1586670
453218
1623301
1966425
2284402
327487
1529379
1259928
1597456
698715
3050:
2071341
987009
2543812
3051:
1729705
962754
1948482
2006135
1545267
1698887
1745745
1465963
3052:
2194901
2239689
576219
2170141
3053:
1142019
1551724
2643667
178696
2196856
276515
102527
261868
567734
77049
645747
1146085
2415507
705862
2142047
3054:
1938780
1455042
487119
583473
1577298
397432
2084484
1724476
17690
272572
1200382
1025943
29228
2153774
2548042
198638
2177536
2563000
1268114
2255796
718409
947662
725996
2459624
1273771
3055:
449737
1829263
410769
1231962
738379
3056:
764713
1303235
779253
1139478
3057:
2146188
1601229
2443590
1615316
2108586
2516755
2388870
1140400
563621
2400513
1638090
1310441
2005336
1928799
347273
1416929
865807
1174603
323168
1269083
1452889
2024336
1647942
293797
927688
798378
147790
1552705
2049092
1367971
1999625
699104
298968
1669461
1574470
554801
1896177
1276782
1486851
1904648
2612674
2423462
950058
25755
2537597
448918
1877557
1238992
478569
203790
2175811
2240952
1188337
3058:
170456
564138
834491
2208294
1351910
1569053
387744
220144
173853
908979
53768
1459686
2092564
1169268
2036200
563527
414080
2251899
2642816
706349
2603723
2302970
189363
1417739
353838
422185
1162965
1853955
2570720
270604
413917
2257291
2233086
1443443
1300380
2049105
2474245
1747829
2554478
1477450
805066
1763304
1172468
827934
2137649
289736
1626825
2356071
407001
935917
2641990
844886
2505772
1425734
2497710
598885
187624
1292557
2194109
2560477
2447876
1028008
501420
381850
1021633
581211
174728
449643
693767
420522
824525
1947479
349641
951152
790547
1914198
2593657
829330
1925090
1745200
2139197
1927730
1468224
1556862
1428902
1384425
2374286
1566925
435855
376870
262792
2170280
1281153
1491568
2517941
1078749
1245677
1192539
923567
2041106
939203
1011566
2246511
1688438
809139
2537094
580320
830316
1782762
110173
1360697
210743
1813902
2463875
529987
2340098
582685
1146085
738967
864459
2375739
1667762
2415824
2250302
337984
92561
356830
288382
1873859
493480
1573640
289025
662738
2059252
545589
1142118
468602
1629421
704998
539276
1282701
424825
1059589
2081852
1235909
68912
1061265
1452869
2123235
2153566
119069
1670383
1984864
1994737
1449103
22718
2149493
2508675
824374
869126
901932
522786
397127
1443413
119923
184287
1396139
2034632
2391362
1643906
1455465
365759
2059606
386337
2514735
384159
1734139
115496
3059:
127079
1467618
306:
1503383
232736
51193
395007
916411
1823383
2007627
3060:
1459983
903865
1636221
1985347
786586
7289
1665754
2564306
793860
2536586
1807631
1903077
1271399
897788
2389918
3061:
793900
2442133
848885
1557606
1458266
2389725
371488
1205049
587286
3062:
1737192
1721692
964630
914787
400895
2387480
437517
1878052
737602
2331788
174524
1810422
21061
307454
537238
2627653
2596600
1341259
1864353
1877090
296341
1354166
858372
584714
2446557
71088
1410571
1817438
1349689
946691
1303816
368136
1778605
41422
1321190
810716
1215952
2598858
1386629
1293598
1450613
3063:
2548396
127681
1399335
1186154
1500479
1982363
107871
1823747
1192313
1075192
744740
668289
2563636
1749866
2137042
73049
2260760
1536967
2168895
241219
1069105
190726
2487256
1315201
1583425
924991
820840
365347
1256778
1047233
965830
1019815
1354757
879607
2117073
1634900
1023079
1113303
922632
1893066
1933961
222885
3064:
773457
292161
440142
2083367
2002171
1542441
1045946
631021
252651
1310883
3065:
1911808
1754009
1587503
1172791
30087
923872
1886455
482250
1423467
1906681
1525040
2510759
413444
2182671
2596424
863395
1025371
1510980
1074366
1624825
815275
1972729
2039593
337718
3067:
2435946
2352460
1854875
1685842
3072:
2329535
2063933
181867
314819
276966
1695283
2608235
1520650
2065445
2372574
1927984
1852607
1120022
1709851
1221578
780466
2549614
1297121
2153809
669945
2202667
3073:
1378499
731596
2005536
850842
2470582
2296759
687789
2305889
2369826
785043
1061626
1674012
908709
2171059
2063640
1024617
1301050
2452538
552511
450866
1653020
1102629
2073589
408539
1948489
771754
1062756
1575873
666531
655088
864722
558749
715516
1331878
2039684
2091589
1356387
549080
1114803
1485093
1416977
1032025
493852
66003
1181044
1191952
790882
3074:
857273
622440
755163
903974
1722192
3075:
655741
869235
1812862
1188978
289009
2096297
2566514
3076:
168625
231744
1188119
1987321
3077:
1434637
930978
679277
2041493
1958458
1448824
2512081
431066
2396722
3078:
706360
2536064
860558
2575096
2514239
743271
2451189
2455594
885319
70356
608112
1502180
2324539
1001657
104759
868165
582690
139149
1182939
1029006
2016972
727593
1196563
127657
2208830
1644859
505883
1516141
1731454
1101041
1734587
127265
