10040:
2417853
1207062
2487973
10041:
869522
61343
1325876
1786012
2387403
1595112
505035
181533
786031
1695980
60322
1837857
1690337
1102436
47942
1772519
1383323
2087310
299599
2472289
2493763
1634482
506757
2448355
2626214
1099321
482812
1312680
1011503
1674011
803169
10042:
86062
449288
1200637
826793
358207
2478232
1652074
738504
2349053
1359901
1936779
501007
640618
2075263
618643
1852416
2588589
1561
433300
1824896
927805
1302047
799952
1628424
42498
442949
214174
592214
821426
1928744
1583895
2222492
2289165
1693660
1177074
1857643
780937
763194
18335
1207292
864349
1848920
1663166
1073838
1729740
2184817
435239
1586124
367549
1504619
2121851
1311522
1158233
1786012
1813345
1725691
235364
2011360
1219488
1304553
1081209
355734
1207654
1554383
1552853
918917
1361045
1349810
1678227
2147040
2000309
1993790
1117935
157714
1648860
1236919
1785115
1667218
1983122
2113817
1019547
826291
392760
277127
224519
2178014
1756743
966437
2426972
2410757
72630
415554
1421967
1330313
1588401
1101658
559674
2635311
1303129
2429347
825911
2365447
664298
1077278
1849693
1856770
1195825
1244852
1489868
1294368
977299
2582290
1681172
428062
602626
2603832
7766
2427774
1605305
392602
1408842
1546331
571530
658627
1411717
2060760
997695
1772203
136341
1255980
1406374
1244512
664419
1285139
1124097
183462
2158577
39518
123923
1115357
1950649
1055743
759913
2176148
1900271
2561288
1648015
1878820
2490806
2450398
340411
1829200
2420556
135158
2602447
510657
2568440
860456
2409399
2482520
1555238
2338393
2034961
2421856
2483895
1738659
1016514
648196
1464896
3521
1427855
2162416
480507
605806
1582589
2260949
126913
1462261
1501345
1818803
2531096
2162935
1249250
1165360
706887
1213808
1931370
2571652
936928
2465115
1293776
2063559
1594234
1521559
1302357
1929636
1570293
1236841
1645365
278603
1575191
1553813
793065
52189
365149
1287583
972752
2523359
1625264
1055810
1053673
2588945
317437
1819410
1933557
1624788
780973
1823605
2522864
582720
109760
2166670
2136527
2498038
1343496
208264
2228961
1743516
569551
2198877
2244219
1135675
1808448
1036933
1648727
1493909
763919
1377376
113283
2103203
350940
55480
573087
1863195
1268644
1818373
639330
2444942
1959768
402940
276644
2566670
1595082
618895
847600
1737562
2306124
2172898
2132469
2338966
312508
671859
2270326
1039740
411152
2249254
1492074
1023326
664256
2171578
1995060
1028345
578830
1082955
116977
1097029
1543693
2623937
931718
2524430
1116457
1838796
1661807
2166373
1519036
973661
551679
1039680
827712
417124
2346483
42318
1712565
1867253
818856
159934
1619493
2344760
1368605
355145
1598894
1486764
2304981
292258
1420468
2573652
2162543
429190
1818401
138064
1507820
1384977
1882731
823838
96722
2174770
533720
1248655
245303
1392109
2224280
2206144
2191211
1857745
2036644
1093116
348805
1252628
295633
222099
1585818
1846238
1891654
1371746
2126325
1874942
2088365
473956
2352245
1084427
2621148
118538
1756093
2090086
1538823
2639268
2287172
1683784
1529511
1149851
1381957
1316391
2176281
1968900
22601
2448196
1442411
1926334
1298111
2575043
294682
2082092
710030
1070065
2075183
2644901
312211
2340041
2426516
2049285
786420
2354891
1582028
2391518
1691088
1842969
1992363
739018
1700387
2138553
2562504
896747
1965448
2414774
774877
1862369
256499
1526753
1322407
493407
181582
1349128
66894
1915074
10044
2246937
372787
1095830
997960
1913378
1166011
2458049
1441831
2164887
2621082
1382836
162753
800145
508727
1937981
222333
1624040
1310028
745039
2166473
1111762
1006456
2378211
1663338
2428228
1860465
637958
1443724
2519453
435157
1597816
2266623
732802
2207228
2320873
914857
822956
1869720
19534
601966
2016115
2056799
954656
2484300
1221673
1154815
1233495
2174615
1152899
1329179
994894
1746493
1504708
2610750
1387120
2506300
2126942
427637
1531823
2609002
1941232
1860386
1693021
1227734
2583938
1647980
1593278
2198713
1665375
350839
1605801
1019149
1576336
2373735
1739377
425953
1202106
133101
2328661
906985
624733
83805
2073663
2082786
2380160
1005584
319250
779887
1034379
1435637
460540
1145793
1457053
2517184
1783909
764659
177646
2109572
1460379
1822764
1126179
102451
306130
2481821
1650395
1595895
200147
989696
308798
2478700
874887
1057675
51049
1490653
1219200
2384176
580058
2465985
1894354
346750
1770017
748664
2608024
1838411
1472853
2436848
2310036
792857
555123
409621
389183
1747641
2508315
1825107
2386027
2319476
1229941
1929359
1889550
1270747
836219
587070
886780
632633
1991078
1121007
8169
389419
839344
2014151
1212380
1937443
1557284
1697504
537147
135015
575716
1825204
1113423
235666
622634
1964770
292526
745471
2329488
1210584
2328842
2089117
403322
1496394
2402345
896521
1882574
115631
2082102
2578535
946605
925050
868648
151106
882246
557729
2357555
2551673
365214
136368
2642466
989629
1182445
1450570
1276979
2013806
658685
2356480
817008
924727
8092
1047833
767017
604042
2644973
659730
1623969
1522395
2056003
2626093
2499841
767701
695747
101137
623868
597245
505651
844638
1633749
241785
2457361
2459146
2165664
2340925
33771
452955
1452581
1247427
2004273
258266
1013608
1501998
1094319
737036
2077649
1520122
1703700
2646469
2383161
1658366
1552674
1689524
318829
1384467
585344
2138445
545822
1331750
1966789
727461
1139081
1360249
528277
2044027
2253265
860927
117293
79447
187518
120454
1185359
2289046
1033612
702625
541917
2029954
723613
247386
2342652
1495389
2223771
2159398
323838
1947574
1667322
1206394
645655
2357186
2267376
1292687
2155386
2293172
670517
2547289
1118042
2342489
382105
1729693
987437
1209681
1652220
2022482
1702328
1353383
49943
2012677
1133449
1622444
68197
127851
2410691
622755
1243693
1575870
1019582
147701
2407792
2395730
285713
2239486
420500
1386369
514932
1313601
1049502
23803
2102387
2343253
830599
1354042
1817991
838656
1944008
1083261
2430768
1241598
770598
2123985
1323857
1271387
1391737
2076144
376617
150344
485811
1892620
1438395
616247
879408
524762
75436
1660746
896185
1855318
1568122
1749501
1748093
2202995
47541
753618
2093714
2169244
1753788
2019369
2154522
909921
792199
2393691
622800
1749443
1063941
1055707
2433557
1012788
2394417
10043:
834820
852886
2204494
774717
1406050
2317868
202667
1728377
2048837
1103080
510319
2314914
2460018
969342
2596709
1267391
473246
2196025
13407
2057736
2488192
2389901
600986
1538160
2379921
1589215
725549
1992993
2511165
1767457
2498387
415150
625713
703872
799557
1001653
836253
1975605
1567145
99512
328303
627617
2541048
381361
19679
2273335
2335827
772801
618428
1186231
1876612
669032
944845
202018
2359108
2288808
291590
2448971
8061
1170683
1056747
1737686
142616
1921572
10044:
1443524
2179335
1641999
1084367
414171
1618140
2562136
2502874
2625427
2604177
1286332
136596
1643730
2605544
830051
2241622
421029
2202698
2053887
2399246
1453293
939013
182269
1213190
386568
1000554
123376
351076
2555414
380257
1777484
682084
1718433
346450
939871
569506
566918
1272486
406024
181502
2068190
728029
1302219
1696090
755723
471880
993472
1787938
36621
1293932
1974509
866430
2199443
1241337
2118726
177357
817664
595421
1110479
1279567
1563452
624343
325889
537600
10045:
2314434
10046:
1178866
803423
2506142
10047:
205729
827378
711436
1636386
193212
346924
1951856
743660
10048:
1590947
1367805
449591
1293456
1741802
2350428
1295702
10049:
1430873
555892
2082280
1005:
188792
239493
532649
172948
1375320
2262661
499648
1992424
2520684
202738
776836
786246
1492104
10050:
578168
498400
2540580
443256
763359
1619179
10051:
1992514
1444088
1181854
2640987
1637718
99993
2068042
2263492
42667
2183823
333589
1044758
2528820
1834032
974174
1296599
1595090
2096722
526154
1403360
2146083
10052:
256656
1205948
1748906
2018103
2597320
10053:
2498427
1424098
2346412
1603364
2245155
374663
417525
754005
474325
1518947
2181455
921472
512984
2641058
1782074
2205732
780136
1569985
2640042
1765813
1976224
652469
1712565
1521838
1808452
172291
1111395
1189934
1418575
959717
2070471
1731330
2455012
404156
22415
2155274
2018196
398215
700467
307168
2058077
1897417
884498
502067
1988672
2329133
2593690
654696
1615992
1716430
1180971
2324556
165745
1544780
1500196
814070
553335
1144699
2399472
210420
1740017
793327
2165004
194837
1447450
1234282
2170999
675886
10054:
1287459
2106757
1495930
1203103
1496895
656104
1123422
692590
240181
1728861
1501314
1502856
10055:
858554
404922
333277
2160155
218872
1096960
1916237
703706
2166546
1608757
1372898
2595083
476167
512484
285157
310249
1893955
1628517
394546
1199142
1228362
980738
240779
692943
320564
1485728
1070295
2046048
1755262
2619777
1950879
2456770
1475698
846505
205561
2077906
499003
1406565
2027693
1748906
2187995
700728
712778
2017966
224795
84218
2306758
1732558
2634044
244325
211664
1180237
578782
782382
841012
77954
1899671
116627
1189087
615643
1282499
874755
1430847
1175852
1637265
1842846
689610
452961
677023
2277087
1734783
1722344
286483
385653
232833
1724468
1500082
1050712
305836
10056:
1787873
1616351
935806
559484
1124592
2622415
1036019
10057:
287967
2030226
1602132
1594434
969182
1099833
10058:
1300105
2626413
10059:
962754
1006:
1004708
762076
1403722
1902516
2406158
2435695
1513947
2611526
632767
1640206
2036565
1160227
1248774
569435
1211238
1876964
286282
2558726
1406311
2385508
847471
1099321
1923690
2464105
135797
2497555
1191009
1875322
2328673
1679271
10060:
2205605
2487299
1224482
1885736
198094
521705
2473355
1539568
201780
10517:
1267632
10061:
2603559
1547800
2151013
129921
2351046
1880166
435536
1435041
72207
42623
2069538
324903
2437043
752507
2220920
1615526
2175791
2582764
492993
711675
476591
2614221
703594
2038901
2116224
1024554
747877
1273677
1232745
7510:
1219942
1882748
1806181
79640
2612067
933949
2014274
2303161
2344357
1948842
2239346
1364358
1430078
502289
81130
2649323
1013413
1532838
1930428
7511:
733332
695328
2515522
2040413
92056
1824720
263944
798359
1927383
1789723
826931
366844
37748
1306271
2288343
1368659
988104
1910665
821274
1161760
544585
1730598
16455
2211487
1112848
1594764
1928392
721269
279674
2558041
2312862
2538585
1992081
963263
2507522
1538923
2225515
1819429
746609
220864
1941324
305796
2339779
819158
305484
555857
515510
253918
247950
815782
1145629
2548770
2165874
985344
1877713
1760902
1724336
2374854
1173811
1051771
935609
2007634
111772
137991
1798806
1148822
951792
1525049
816156
702457
93188
120945
2559082
747049
1536364
174817
1927810
2638732
161506
2277811
1693901
2344727
998078
2240971
1347515
2084002
2031053
2635506
1144729
1204004
1232821
832713
88946
2243215
1505435
1887934
2440590
1519086
2603921
294265
1518633
1985857
1796657
2275156
178645
2621730
1773988
2536496
1105292
819448
2604580
662403
1642271
805224
320540
2469211
844695
1556832
1030535
1441534
174668
1676089
54122
489487
575288
1967555
2150176
923996
1564745
418528
2535295
2382874
2316327
1401117
39708
2578566
2035226
1574506
660142
2486129
703105
2306364
1803404
2002416
2543699
1788541
2610243
1827946
409490
2202100
1022895
2445028
1233756
2408377
2498193
1559347
928500
2363260
2080743
361660
1276696
1044138
1162874
275695
2448159
1702900
1926023
1080433
2561618
609271
1279226
427949
154168
954408
1086611
2228018
723219
1380956
180515
2144931
1816273
2008087
2373267
84030
1109819
2336369
176316
2015420
728681
280527
788320
133532
1748240
1299157
275391
963914
725121
2004225
1462471
1917589
202909
1921169
2580983
263361
768528
1000880
2536092
24992
1837843
565769
2536924
1134079
311138
293645
2637269
874898
2486325
16408

