10165:
53039
1090274
10229:
1135868
2463629
1470317
2549566
2572569
636419
1144659
725297
522697
1039158
1296918
2597385
553853
1917946
2084210
1895778
684332
1159216
2324925
1114349
1436364
2272808
587055
810348
2118571
473772
2427212
1734171
2132058
528831
1554530
1292635
1281292
583160
98178
1150937
1755375
1266588
117949
2587715
226715
681549
2438368
1649204
548084
2275948
2467633
2365591
1044987
727827
1919910
486981
1515557
311855
2366129
2146548
1753284
2264252
2386428
1232100
1442516
1808612
10276:
2124819
1794933
281277
791026
1326906
707809
1145554
2185669
2222806
962008
688244
2480119
1901563
836960
738620
1410432
464388
551434
533381
2603890
1033:
498125
10422:
128837
2618955
2448450
2301495
1553566
1223703
10443:
2401958
10461:
1012119
1266882
2612740
1360877
97736
1584274
959387
1893713
2321950
696866
10524:
630937
10603:
853473
687154
10606:
354278
1105454
2612756
1374532
2172684
863084
10625:
2029131
2613639
1775124
463770
95997
581769
2509850
938303
1260577
253478
443510
1075956
1294916
1333000
1098492
1341417
1811881
2535861
297310
386625
1197799
1808651
2296258
955753
1025484
2332540
1227662
830851
1723621
1888431
1451216
2094720
2156894
572737
1235552
10666:
573651
2604963
612024
1205486
1299685
1096950
1573983
2237674
645251
1979260
1659647
1070:
2166574
10825:
2032427
1426346
2048149
2287170
10899:
1576388
2472626
582478
2396511
862622
908205
2113360
1372761
166205
840815
1562200
2177029
423245
2544733
1035593
2627972
170726
1406329
622594
1977414
2236040
1590188
1317128
1298820
1897092
2005452
708798
566123
988007
499739
1554384
2199087
964658
957652
755015
1593775
1190580
1529250
368994
318018
2614504
800474
132241
1817215
2620500
1046742
1217773
112805
2109442
1576882
2023540
520593
2157779
321703
354892
1150267
1190204
1114779
2419504
607425
2226505
1488508
2379710
2183266
1065788
2145770
192767
2415330
1274307
2053880
2057571
635509
329047
2006137
2095369
1748059
640929
133954
502105
1963163
1448247
1122208
401169
790541
1538505
1806892
1083395
1179324
91981
2557766
928868
1132367
2008539
910869
1013465
156039
1795651
2466069
2517882
2543516
2067425
1117898
1700800
2361322
858492
1970263
1455323
562153
2043261
1700388
2098177
2327294
1136438
695657
758230
876475
2099104
1480887
877814
2568725
2085401
1551924
1530237
2570559
2513029
2348342
2170079
2054589
1931870
822241
2026804
2076605
774281
1776709
2545139
60981
1461837
2053280
1873463
2182212
447737
1622254
947304
2448318
1062094
288307
471692
1598457
736531
195828
2368521
296037
1415860
388880
228086
2153128
1510266
407487
1395484
2184005
869627
1435559
1608210
904315
933104
2311878
1419882
368414
1780312
593207
1519865
423971
42811
124659
1118233
1749218
90056
2569099
2023690
1344701
526405
1546629
1570950
1198632
1392982
942334
2476280
636049
320507
1926192
1655787
2542361
1671168
292049
287256
537155
2358182
375816
364588
565007
1762549
1908768
205901
2586714
1186029
1185926
463467
465745
2479136
1882453
707289
2152511
373746
1590489
494779
732780
88801
2006331
1771241
1990627
1703310
340271
418521
943305
2189816
520432
988077
1371166
1938112
2122936
790982
27263
1582823
2129041
14363
727461
437990
1714181
1788263
1817569
817320
493748
903092
1665490
1561869
48378
95556
1322221
331886
1858842
131807
2563316
2442795
2461058
1142539
1007841
433792
1631492
971518
1654871
22158
2151212
2424328
567237
132538
461808
792649
2141717
1385718
1122364
306662
851994
360842
2613320
2108611
10913:
618375
10945:
2183192
1209708
10951:
617164
1913817
746281
1930874
733956
168895
1436054
464899
1103:
1262112
1089049
1555693
1883646
1591103
1964767
1638676
11056:
31829
1108:
507844
1052441
11080:
1874317
1356603
11082:
2434090
11101:
1339724
1943581
2185752
453628
2018006
576124
989514
11120:
1611726
11215:
61484
1055942
776800
2626527
1692292
65164
959752
11271:
213068
1404793
1952841
329943
225306
466370
1497593
1160572
2197583
467996
2423261
2437159
1079324
258820
906517
2576364
11394:
750281
2257934
11510:
534141
11524:
951711
11538:
2505982
11564:
2536720
1783165
2439246
11742:
2495315
11759:
1577107
11934:
41884
1199125
11983:
665783
12028:
2303830
880631
2289704
2348716
2054091
1301372
1375118
1599322
1788384
2145747
251892
1719306
1469758
2422322
394777
316755
2270032
2602500
1720746
1851181
1888838
1260785
30889
2227477
2281553
1462208
1376211
1657356
181004
1261785
12053:
626648
12063:
707130
12102:
1508073
6896
860416
45234
2632835
644417
1497394
793961
1475722
2630391
544844
1687677
537341
2487852
1642375
2275472
1092812
1213:
856500
850880
12151:
2333894
1221:
435103
675452
433120
1187549
493637
1302514
1820219
895863
12216:
338257
12262:
523965
287006
217164
892225
170812
496267
1269481
834848
239934
1623610
291447
280260
1975792
499895
1446308
134085
930958
12263:
1409985
2029381
253346
1673658
1025699
12312:
682642
12339:
1335771
12369:
1169833
12370:
476743
12437:
2004147
12458:
500526
12510:
551937
12636:
1540655
12683:
1803892
12766:
723300
1685716
1278:
1195585
191276
2297243
554146
12810:
1222878
12855:
997998
12866:
351070
12953:
350875
1591925
12957:
1186549
13004:
271200
13160:
1164842
13181:
1299281
13203:
2547292
1343521
13227:
2581678
216032
13235:
313246
13299:
704580
13432:
1272843
13553:
1286887
13567:
1212608
776782
890925
645992
1529214
26612
1287379
1294778
2103191
897762
2585831
2456504
13582:
22786
212906
2583253
624045
1189352
185667
2438371
2490753
1317117
72796
1945931
447961
332332
2623364
1474453
995709
13584:
426335
1303306
2439956
347539
13598:
2001123
13642:
1798095
1322482
13653:
1181115
2196454
2359752
13699:
465867
13708:
2565487
2636267
2129974
1293796
2430790
289202
1896646
169053
2493293
418533
535765
13789:
1660267
13805:
468572
972817
1912109
443508
13861:
1616615
13976:
936414
14060:
1295693
1312828
1122571
1758505
1947415
2612753
1540655
1144577
190289
120318
667494
584620
243363
1598781
110989
21377
943806
2561723
868224
1144195
218415
1595848
1246398
142279
2342571
1695183
997377
2207151
375341
567335
304141
1193669
2637503
14108:
979157
14118:
2227538
1309246
1808794
14134:
667244
846564
1660002
760211
2131427
1668928
2528285
1377969
14248:
352510
1927562
1984819
1230405
14252:
2254749
14253:
1956544
1490121
805265
2101985
14311:
474371
1982137
14315:
2302812
1792210
1825647
873656
240419
335874
14361:
29285
2385410
2238060
14370:
1954681
14491:
1628707
794374
1029583
2455558
1070646
14498:
1511865
556053
999842
14593:
1557128
2079539
1738111
2251015
241626
1957922
2635940
833014
14601:
2083199
1529397
1871937
1189017
1422299
475796
1247078
2432770
2533283
104509
1524767
2447425
1143458
898627
1890396
2616474
497826
1954941
265588
2505460
756287
1069358
1571237
1476266
277522
687604
2345605
2467028
14639:
322417
14647:
405142
14659:
2161543
976918
2106683
410249
14670:
62399
2228826
883948
1977183
1159374
59901
2289214
2549713
2633363
1598767
2540678
540588
998633
2412337
2520354
2113300
1215318
623425
2346135
14695:
694230
14788:
1485198
1482:
30878
2098439
1279458
2169500
266293
49459
2281092
1702130
913199
937338
22122
348509
2534215
193187
2127409
677607
1090321
512291
1313702
1043976
109303
531801
890438
287128
2420822
653653
2619688
2213675
997407
14900:
1671426
14929:
1582317
14991:
1694289
973359
765582
1630379
15001:
9174
413845
1910025
15013:
2537219
673531
1772948
1617298
15107:
1540073
223008
2632707
2609323
2104526
2475844
457756
371101
1187662
378491
2462912
841408
1567125
2235633
1441303
1582392
87900
101453
1992480
1553215
2052989
1879848
218189
1309961
2222063
1301668
1168689
707527
449796
1825757
1578355
1307531
2023361
1554738
370584
684503
2388646
2320268
5145
1297203
1575386
2265638
1064279
2036249
28423
1414916
1880813
1682951
818276
548609
76766
2431392
338686
1444388
1976926
2454084
1386157
258449
1704354
214309
980788
461320
1999002
259972
2042524
469682
1855370
1764284
2322024
1240515
193024
2130589
1262621
1580456
950405
2238588
15137:
595560
1922444
939298
1749522
887729
1896103
15206:
1343724
625848
2570304
15208:
2531664
15221:
1114348
401589
15252:
1441164
15293:
2566515
15319:
2335124
15324:
2561509
2331938
15355:
2482233
1574:
900634
1577:
1972752
1582:
2152963
366425
502767
264223
1546450
186263
1313571
2042475
2085391
1779678
1478657
400385
362038
15983:
442593
16001:
1761707
16004:
1021948
16015:
2220687
16069:
2302385
16179:
2599221
16180:
1680165
16203:
2320377
360431
1807093
854421
16273:
1456155
1931149
1008624
44235
592195
1218546
16310:
1869918
16328:
1305219
2038866
16366:
7288
16374:
549164
16403:
11782
16481:
1712784
16505:
2599662
1652:
2236799
1893207
16558:
1728300
1689555
1953721
1431663
2013993
687615
16570:
26295
16649:
926742
16653:
1431954
16686:
1398977
16702:
232247
785322
94363
526008
1239419
1520279
2102064
577470
2033353
16758:
717606
1678:
897496
2182424
1459464
16786:
495373
16828:
349239
1693:
1671535
2297069
1017143
2397061
68685
762536
245430
953653
16942:
2439381
16964:
12017
17015:
1917346
1874140
17055:
236577
2177738
17149:
1967295
2613757
852759
636400
1591777
1708495
1375673
1431377
907888
628431
60372
526460
2044420
1332553
2142904
2142837
1255204
376461
1850044
1051918
528920
2460844
723411
2617960
794923
1725192
1366805
834945
1409840
564572
1614633
606628
510499
154690
1753597
1753367
503344
714968
2118000
1320348
2015551
969584
1528134
890668
17288:
1900367
17395:
499448
1062798
443433
1828972
827252
826302
1119669
1079063
691774
213651
1965458
2319771
1580046
563034
17409:
1221815
2499587
2382788
1779820
1067508
622434
1180427
1860993
2424333
2621286
1217720
1673303
1076952
2381557
785605
1157962
1270506
17422:
2562239
17514:
105078
1973156
17520:
1835914
17555:
808888
787352
1881328
2101319
2329617
671555
486388
17589:
2374368
857880
1136997
256848
1724242
591753
2159477
17634:
512852
1770:
228118
1830567
981938
2340
1099378
1426065
536690
2290350
88056
1632338
927576
1246334
1604076
1596811
338538
17718:
1955730
1782:
1728300
683459
1819:
1439566
968808
2575552
753725
809329
460616
1827:
1732688
1905:
1587157
1875363
446351
922850
2550889
101553
2327119
702610
2623784
2075263
1313175
1378952
1664056
70617
2480513
2350535
1820622
1065046
45283
2073853
1123485
1218098
2212135
819446
2256623
790209
2442160
1898247
537950
1571089
435536
1214074
2040491
2262431
2605770
61306
1810109
2133352
1566966
207996
596079
889740
1454460
1196268
2318101
2634386
741167
380217
2476090
1612475
157901
519693
719696
180245
644389
1610675
934440
2478850
2003616
903187
2234258
1849038
340850
903644
1295011
950511
1941171
2018363
1755885
268020
2054945
668676
799949
18475
2027058
1761595
1931684
2637432
1191780
2480470
906251
358695
1318005
1991898
478293
515816
2299779
194398
184279
1777805
2494608
966726
1141289
647171
1991117
1520733
153611
919529
1618348
2065305
859755
1506995
2324183
1447938
1791254
1672399
540056
2264269
2081626
2611263
1535636
1582737
1693327
2512630
2619189
1655113
2630962
913053
448125
2090339
2174901
266162
669899
2602275
770969
2496884
2464704
2131429
1407536
2160125
1381821
377900
1421962
1054843
1780899
1144361
257392
1772127
1390247
1847188
1123111
1769113
89830
174253
78816
982471
631018
1579569
1202068
2218556
844008
1262031
1231136
624449
794914
1514316
106334
2616277
2429463
266701
1134869
1322433
1936741
2232499
857675
1308236
2163765
1701268
2077781
570582
2006603
851183
2087830
1886377
1804519
214770
1413820
2356254
2206050
1579960
1942509
1106321
1088952
269327
22886
116977
1625348
2135170
555778
1162041
553467
288946
13976
1774678
2199325
314006
644459
274418
612115
2087444
1694690
1566125
1965173
541434
892369
562964
1088406
542333
937637
970622
356610
2218125
855239
1001049
2008776
976353
212498
1013835
1442321
2140580
1966634
1410515
2206458
1105815
2497711
1193444
645677
2530718
945109
1830562
202983
2318205
1435264
430704
2407886
759891
1610970
143140
2341098
564959
1058472
1927479
2540902
907756
2389198
2551676
303946
985769
2173394
2154796
962435
2211610
122080
2003647
1168385
1820857
543745
657389
1729711
836471
1757865
1527310
2358347
1955025
842352
1304810
1965151
2316251
2109805
1791313
2188779
297674
845729
1610147
605983
1784539
536797
2197427
1331637
1961063
2627196
1823992
1542690
1439711
257023
939915
2285703
2242547
1545775
883582
1898796
1822384
1771857
1796556
44861
711703
2582458
2274603
1807475
1128209
866887
2583806
634175
1252457
1300714
2630085
1364580
264679
1667567
2498225
1630310
157830
2288772
1637109
486655
2432689
1790691
2630650
2025963
778304
1715886
2258764
2427878
1151118
2145298
1131204
2407243
1532626
1440060
1661787
199531
1667071
995522
1821023
572006
2460992
1948963
2122774
1786757
172047
1247718
1189594
444231
1139733
2478222
1401265
1839289
1558839
1976824
283309
2391078
2190578
435036
1152698
885370
1343269
580822
1604664
1812452
1671392
2176325
1885628
2546284
1489421
1189412
2404528
313219
967421
2102565
1390673
2000241
477917
1399006
2611623
392541
2170135
1238224
1387846
1834470
666944
975317
1711466
1183489
1320761
2633437
313793
1696023
1147455
1380239
1014313
1902572
2272817
1054756
1923528
614339
1229837
455548
2121629
2131431
2121414
1258128
1836590
875598
1632480
568531
1302441
1293413
1550516
2170086
969658
1298669
2343241
1449659
1166415
1404229
1158672
648750
867292
739682
852435
461194
211933
793886
740259
603439
575861
1619749
2467910
2396266
441947
1085067
1376922
801470
538459
2503981
263987
401539
2072088
456810
2236047
899684
1520165
524941
623093
2169537
169846
1277254
119321
2150913
2156864
1951940
1037706
409099
1164796
184287
1085038
751434
1441566
2403013
2401991
1494629
2566254
1545297
1508760
2599235
673593
164096
1544720
1908566
1887305
501304
695864
2470452
2244187
1762321
2169964
2351187
1557830
1735332
1940831
1997908
870113
153928
1787255
629697
1302707
2261965
802317
2205337
1945782
2305271
277728
862011
1234462
2307696
569018
1119187
807276
1312324
1819411
212815
2237468
1247501
1671902
2143721
1358798
146710
2448239
951445
1054222
2088:
2185341
2172:
971962
1155993
1090492
788336
1057306
445926
1741131
328125
190741
480781
2257013
1602158
2319538
1174724
1337136
384332
863018
1252582
2051520
177695
394041
1025577
1267814
2148154
2273496
2124607
225158
1822864
793886
2384426
739917
602989
688
145458
2511316
2218:
794375
1936689
1396834
1533459
213454
192009
2247:
1049640
2342:
949599
1294892
1539612
1438576
598629
1723281
1032463
1319481
1268887
1493953
1108669
454575
357900
75725
334364
1529397
2198653
1474140
756256
