17653:
1136155
2512286
2448465
1044970
824918
1684851
879314
2603928
695277
1052473
1278565
792879
458768
43027
17654:
700186
121073
17655:
471569
1919729
1070263
638411
757456
414840
453613
2138497
738442
829613
1856198
1381891
799420
1171762
1363215
787667
411901
1531959
17656:
1510598
2102030
1613750
2618811
2592823
2397362
30015
1945838
1640600
2461583
1680972
1955755
24393
2575846
2450450
786804
2035568
1068482
182103
741276
1759273
538657
1850253
340181
1713902
1026614
1023208
17657:
1792275
695379
373968
2476342
257681
17658:
7602
1997112
1460857
1805600
122503
1989573
1391735
375148
1319570
2578144
1483316
2180498
1273237
1889516
1766:
454849
1754013
1220901
2219472
1499502
1734796
1557175
1477802
1700495
1342951
1628897
2418763
2393306
2074899
1384252
679255
1648346
2512230
2351541
2178465
1835454
1515725
2078893
1809161
300777
1871431
1581687
1616913
564731
790074
369756
2442139
1287868
2219491
1974633
2204584
1104121
1707598
456766
160801
2247709
2440182
2478242
675153
491128
31170
357246
1135175
11301
2157422
1570141
1753844
1809975
822117
1462866
1613188
2432607
2161413
2086214
471531
1656439
1949745
1718436
1670645
984472
1576984
2164903
871295
1775740
536052
762548
2361415
2167275
1837430
1812982
17660:
387487
2488706
1548025
699091
1821967
2452550
2586909
17661:
1965969
2531788
830912
189659
846326
1874953
1823289
1336649
60175
1630577
1090597
430013
182320
286401
1348395
932901
1677141
2136527
1509576
1614660
2106427
2515847
776843
1327129
2612590
1704847
850488
175410
709085
188852
2017173
889766
2566698
1060617
2595955
1837639
1955691
785329
876659
2606196
760484
1748275
106546
922944
1075513
1197518
1325755
985750
1941189
274794
1481110
1690210
330278
250110
17662:
1553863
700722
682359
265110
2234585
2102618
1548737
275936
2052299
1152472
2035674
1773145
2105086
681073
676094
86605
134304
1650012
777400
1222943
667932
1986331
1074622
2412646
505811
875017
1581575
723648
2268461
328334
1452234
2639638
1804553
2591433
2589259
2149318
234429
2094457
17664:
2384235
1053860
1098724
52306
2286271
17665:
1433307
1205666
1089026
946267
17666:
1289881
2153526
1055117
234864
2588974
2479003
1440602
1223970
789375
2259001
17667:
1942495
565871
17669:
2016213
2107927
1767:
1708411
260941
2263170
17670:
66414
1112678
2251684
641094
199062
24361
2394190
1420814
1878713
2152852
214309
1589121
210459
439922
17671:
2271228
699878
758823
2036170
1105414
1602884
704018
21105
1655074
46515
349528
1032632
958219
1575680
595407
1489948
1813090
1606816
93336
394897
1894934
823029
617093
932203
1352963
708530
915855
819562
2502549
107473
371313
2168331
1565039
623406
1281715
2603901
2049638
128695
1849143
2193889
2464236
1680214
1357523
2421025
2247286
1073957
1145647
2608984
96013
454473
692583
1352611
1803609
1297833
971904
1382005
1690280
706014
1368526
2611123
541361
2192069
64612
2429498
2272597
2004388
1616757
352697
1172904
1054392
2635318
1762505
379935
2616298
2424705
2308051
57563
2605629
2609972
643964
1979278
1914607
1017865
599575
1660006
214516
1146241
2505149
2414819
241978
95235
371575
849073
2160532
2524874
1819722
2604529
1169457
1003993
1435301
1556728
217937
2322370
1124058
749169
60073
2376269
2254641
2416828
324128
723232
2500583
1760911
746633
1877920
2381316
102834
2146603
1414531
428688
1943191
2370359
1706413
1001489
2167089
1585116
17672:
2360236
2413088
1587420
1962716
1822474
383077
2007891
2336058
2229780
271825
1442253
458697
94348
2158109
446041
1965349
591696
2138786
602458
1462032
1325728
1796217
2493415
488903
1359575
1363515
2242522
2600641
1968761
2637248
1042715
191476
2383638
2214909
1003387
2319119
1425857
2331684
1490882
1506601
665618
1133703
1256980
1218927
53992
16649
2406214
2359146
1995006
2313892
1824097
1521131
416699
394181
923696
268573
1803041
2058517
1196363
1275254
422100
2590670
2321163
1401274
996917
1075448
2492395
2252882
184267
161782
440669
441170
859557
2294893
1306659
2395412
1181651
945567
251171
1546961
1858647
2331047
341438
734015
1967227
2499516
635619
1479374
387004
533386
635650
1519393
745651
370249
1207703
2055298
1416712
2204299
918772
1277910
2367019
2251664
2127538
2501461
939303
2365215
2593578
2027241
1835893
2428176
793251
855235
806244
1215868
1207033
2639325
2212534
592550
1644579
475345
1464929
1547457
2302023
1352077
1308305
1145015
1159265
666707
1418728
1698728
2086836
1514582
1847237
1704292
1139280
1283414
792022
1285508
1796399
1986775
1290517
2500968
2041356
533721
26407
2005162
945720
2204817
1429801
760777
1136431
1935552
1258900
2050066
2208507
1156997
147822
1451792
1533381
259639
2565217
17673:
932187
1642237
2617413
17674:
2109316
2069134
1865846
1914933
943702
16412
224952
1953673
679956
2230304
17675:
748746
2624590
704223
1690370
2138142
1838238
182702
281133
1976444
2283770
1723773
1693160
831272
17676:
1249387
764193
102433
824569
1371129
238409
2077680
1850803
2544973
592414
1811717
2643447
518974
1137360
529879
1152079
1718592
724461
1720200
543524
1470872
1389903
581675
17677:
1516555
787206
1628144
1501093
1614948
1042478
1461010
1477031
1842351
2083293
2372727
578714
744003
2133012
1455144
1071545
592457
1347966
287713
1828971
1453116
2377215
157047
2023393
1800843
1604027
17678:
505367
1839223
2218164
282715
1093752
24307
2088804
1762252
2137406
17679:
207866
1544339
1030574
890829
1768:
1329923
1664677
2248903
1775262
2210729
1452778
805975
320590
1794276
511340
2502315
716710
596847
1062541
912769
1475067
2538919
1639318
327636
414464
219903
1978728
261204
502767
2593197
2214393
1634610
1573056
1871311
1513939
26674
2614862
1586647
219338
2235074
127215
1778723
2520677
1811565
1770466
1213736
2039767
467156
290626
970037
592445
2158444
1707534
1661523
202969
958080
1352236
1658115
858502
734773
660880
199434
2578883
1779089
1705759
676738
1328500
1915644
24170
1094761
24423
2170528
2519408
2564027
478667
290360
2093542
838911
894146
1967480
2631551
254804
1412978
1038766
1773225
380940
1122296
1827209
1670923
1348177
557625
2170281
797467
1146077
1535927
342033
2018496
1694711
149819
1381004
710061
642722
1279747
2032730
1251893
1433143
2638327
417898
852950
39735
657039
430593
2345199
1629283
1769609
2403854
1504732
2215023
2087951
2126982
2071218
2160624
1573566
2541791
1836028
1500419
218183
1131896
1212592
1188776
2138831
1723092
2071398
699901
1655125
2366399
2065422
902423
679761
1722113
1178793
1605919
1917486
2293391
2116154
1301227
2114118
1784717
758539
976931
641182
1769689
2237054
1277724
743043
279504
642543
134878
935193
2508958
589434
2186920
1708554
528613
1960845
1894387
1030591
1977069
757828
1417570
145072
835908
1017404
1683740
2445324
937686
1068063
1075473
214850
159226
43313
2278978
1535440
17680:
560179
1829920
1011293
1111075
2565987
1823570
1494574
2455668
2160576
358004
1842729
85287
1092522
776230
480157
244903
1529588
1922401
1036728
1396211
1826105
17681:
2369776
1861850
2373783
2266760
164228
798433
2080139
829411
100821
1098275
2107438
33215
600093
361171
1650843
1624607
1427037
1736931
2468097
66754
999362
54713
2136915
2549205
581430
1375228
2387409
847232
10100
782244
458414
2320511
1202808
1737378
956817
448184
1088731
1039125
1719484
908604
386821
510111
1708071
1166831
472966
1836801
1025652
1275188
523668
551937
1344540
1948527
1137883
1621803
2395895
620975
1506757
307800
1989213
95327
1119060
1278163
1277102
1803922
636429
2394811
959558
2073281
2171594
2136109
550414
614863
1606092
1998779
1354642
1750599
2015605
1624834
4011
1065416
914272
607093
1832172
146215
1703244
1825808
526522
164223
641734
2162898
306013
763344
2197100
2416828
2351742
1855926
448460
914169
1876577
1686762
480787
339507
1410963
984358
647215
167155
1312689
1028676
371061
2081473
1865974
989031
2269840