10127:
131871
1434500
2134678
10128:
796398
2483928
983042
1400057
2626714
1637138
1086688
1639418
597219
625802
749139
1553896
2010226
10129:
731890
501313
991956
1062996
966626
1922359
1013:
1576556
465713
971033
973154
721992
2260709
2381354
865748
1026117
213408
2337014
1633055
1601510
2581556
1082596
699493
417746
1385197
2584676
528611
1938309
2022105
1496594
117440
2475951
10130:
1750296
333302
1691233
1630769
1952672
1292906
1123804
708545
537553
2145411
159392
1823163
1268114
586835
2494367
1455472
1242367
15873
2078477
1922970
1980500
1697695
354053
241798
707521
825161
199559
21519
1906394
2297858
1042110
979614
89773
790011
3323
1394515
540639
495642
1816849
1515331
1614699
1117373
1256318
910370
638299
2426459
1043804
240414
795414
1086800
989327
701367
2433711
1632980
1285310
1697784
923146
1953308
279632
979116
2123388
2182574
3344
736567
851078
1991827
765201
833859
24450
1562262
529563
1934537
732232
2376381
177530
1856714
2621426
2325212
999278
1161329
1807800
528575
2577433
784007
100924
217858
2368324
1604609
904486
1715513
203572
802260
791247
1331572
141007
956644
2359452
2179203
1498503
499895
2236382
1063400
91374
1694205
2061846
585356
981132
2649336
512084
767742
54205
176444
508747
2514686
1369881
1360504
1777156
704681
2226416
208920
1058972
2221420
1479954
1154199
2363206
1326130
209094
1665083
1102421
1318465
547253
587799
837888
1460718
1895257
2160917
20941
2610296
2518796
1959466
10131:
529624
2087478
177642
819546
1658101
548935
2600777
1823798
2228661
526193
10132:
666416
2566190
1642019
2100210
87185
2066443
1060432
187834
1091085
2647490
2304924
2465843
361226
1280149
2078245
1249790
51717
384821
1387120
823490
101011
699827
211377
2444174
802623
2383798
2093947
1508797
947403
958716
2219917
10133:
681703
1013970
59052
2108085
952423
657997
2046538
87817
1298051
10134:
373243
1262679
376162
852409
2592540
10135:
1375234
512284
2024858
1455355
2007722
1996872
1360255
833441
2380258
2152930
485259
10136:
34872
1125980
1450431
2410335
10137:
987706
1493907
1994279
1489003
276411
1777888
2158095
1578429
60194
2328034
1351590
697857
1689421
218486
870930
1274659
36076
2071210
521143
1881654
1636752
238384
2296258
2471304
801851
1751577
1854652
1311006
101900
368765
1718691
1036146
801405
227097
10138:
2183983
793082
2276375
10139:
1844666
827420
792357
127040
2202191
2065021
571956
267856
1203619
1466940
1011719
1304106
1604315
214334
2596410
1758047
1112611
560940
1177552
1014:
1345228
1821073
349596
2250613
2542972
2332581
641016
279120
1266026
2186716
914338
582118
983866
1988095
1463939
1197437
365223
1744914
1441794
960830
376670
1552194
480032
509389
1390962
1932315
2409553
723559
1837639
1118003
1595251
1592266
2362513
1653535
12990
980292
295232
2570462
1955730
1036424
174951
223204
2232018
2444624
273289
10140:
356893
1351463
860407
220144
1225818
1421606
2142990
1110425
2109739
1971494
2445651
2376428
2166365
991452
1084457
132822
174777
1959190
1796166
2608884
1895817
854835
1636967
2623610
2118885
473772
1749173
2290272
273573
885507
490872
1735941
2002898
1720908
1648588
1808531
738665
351789
937794
2629877
381745
1986537
1790088
1201168
708303
1492492
1229860
363114
2038807
2282389
1028148
627852
323568
1667409
1063952
10141:
1575559
2611748
2495988
616280
1779352
484681
46493
2278117
1628558
1902621
1792849
2350988
1712089
2166060
912442
1583497
96050
2005499
2367515
1093991
558841
555066
2096362
787091
2254982
1739575
1531608
592279
970390
2217698
1950120
2488820
1974571
1529147
2062253
1575393
67905
611251
2399314
1769167
210296
1717521
1241643
1050043
2297776
692964
2147057
1232574
2360425
2045952
2024051
270708
822567
930019
1344576
1142041
2302027
1864423
2482710
1956651
417024
1092280
856824
237664
1190035
1598341
2380830
1392517
1506456
152713
2570299
1021090
128241
1274765
1628295
2592597
1184222
1055540
366310
1569342
32667
197795
10142:
1443077
1508325
1680622
1379773
185762
2510662
319398
205005
2019879
1460768
1922861
2101393
2235523
2383711
812008
1756098
1805495
390843
296454
684725
1098655
160517
1423541
232101
10143:
51762
2174260
652869
1293661
1188085
1277858
1410931
766766
2647856
2065639
593892
314526
124638
489352
374663
443091
2109300
1746
2278057
2502889
1433987
1355058
435986
1823239
726884
555326
2322950
1038251
554208
58354
1599636
872052
398107
2273731
404115
1696942
251491
415075
2411735
2260286
479424
986066
983180
762857
1906628
75230
1207886
1905375
2278159
465993
759346
2582526
120372
2246808
113215
230014
773266
2579356
364639
2455103
1459292
1833615
2137537
2253668
431404
271211
816232
618390
2456712
997033
2514559
2592660
912234
1093225
1262154
1305507
1800988
2156368
177636
2201660
1740017
2286680
1169307
977911
1888043
852961
3906
1636068
591830
2627248
1328303
10144:
960028
1109059
95673
1743955
2003130
479695
258894
97370
580817
2056874
2011887
1254764
1025476
1964597
1128022
2446051
1798194
1558253
109177
1221473
2494249
2469431
505723
10145:
757549
1975980
304201
456529
857405
1722986
10146:
2119034
1486442
2619865
1540466
1494255
2629234
10147:
1940735
194825
132881
196496
1643901
455962
237688
1081360
371897
2530472
494411
293284
1807963
2559707
2108102
2351463
250346
2639749
1946021
524907
1061809
1880385
1940424
704710
1262327
2213096
1082798
1117356
422879
1734147
159161
2185254
1733096
81843
1704847
322797
85281
2450058
273641
1842361
823984
1508115
90928
302686
2161891
1554971
2289012
886247
1094010
1551102
541822
1203545
675451
1471593
2438666
1567382
2202436
2016153
1875510
2445510
1761096
255085
21896
2543150
1722590
1107460
2170750
1337699
871561
1906516
2332416
2214251
2377336
1970422
308224
2462192
2629961
2339270
228978
92903
626118
1325506
1927227
2575033
1637481
137594
1103566
2306927
10148:
361261
830443
743490
1187835
1103422
624654
1104006
2179203
923301
2054289
1025722
1161053
1366326
1001993
10149:
100888
1015:
455527
2452816
1719439
1616135
995223
1152403
966426
284973
2311304
2204490
2065963
913371
1919178
437586
1143434
266128
674363
167440
1940067
919933
1747641
1519934
418970
323101
794963
326892
1602153
2420590
188612
841432
10150:
1680283
825353
10151:
1115434
834164
1961844
708900
125102
701960
2435449
240694
682261
1754486
1524684
1739634
10152:
1436244
1696734
1607542
228118
1155251
1211197
1427500
2605003
2479793
401931
1150425
1310231
1025223
2046530
266192
2165042
941442
759087
723108
1293233
1251065
1286550
2235206
2608072
1135980
1781982
1766838
2549079
819904
1462927
1512711
1337731
2425364
1846783
1014703
968602
1569218
38399
1062707
289523
187512
2093862
2529839
930552
122223
1312055
1494000
2403043
235727
1995906
1808190
1549355
2584793
2049613
1351564
2097983
1907573
129054
1734363
2357970
584967
1745057
680554
1575191
108667
1603965
2179371
1790410
2381822
1876563
1971505
1480219
925038
977820
1883307
1179725
2157897
1392847
1774562
2202698
572591
477115
62874
2510298
209573
2373873
1520304
792411
1223905
932789
942322
1624847
232287
1861248
1157182
96449
844023
1032951
893206
2024344
2069007
305895
64990
1573863
2067003
1882989
505251
1136263
1386910
253932
386878
524702
1682831
92195
501105
1830190
663471
846994
2120373
2371667
1552059
2061643
2649388
101447
1702220
68617
1394375
1134154
800355
2563768
69644
1145606
1934271
879382
246714
1341358
2590604
560490
132137
509180
448744
909688
2152290
1808776
489830
513971
1357138
1545082
411556
180399
1097621
2419885
18376
1917699
209886
1368060
608300
721220
2269973
1056356
1817706
151947
139303
663848
2645201
2322058
1762651
655399
1854102
1972185
1384461
774855
198489
1342285
547256
874400
1279905
2402847
1608540
13969
2178953
1587269
2526931
351002
2628374
1878190
2625506
210497
1995242
210453
781582
1414221
2167387
1040739
1701171
82659
1753287
607093
1662131
2221533
2287896
1092898
2365188
496016
1634512
1769638
687178
1921316
415530
2089988
1362341
2397915
2438132
1615998
571221
2417485
257242
2229348
1421657
746973
2092557
1137408
78373
1578405
2303820
1511568
347558
2576063
1127800
420765
1085779
586017
75296
2252810
1171321
1029722
650350
1987254
2629166
872645
1702973
2485319
519547
181451
2164271
789149
575411
2546815
840853
75436
2118965
224637
1378119
2066845
2144572
1322572
213734
2558345
725469
2272979
984864
2455326
10153:
369338
1322489
2244488
2018900
870353
22953
733934
1167696
1508831
2213837
998178
780777
2142146
1900959
773038
67004
1345998
1826290
681163
10154:
1040892
2387551
253971
2368281
666546
10155:
1209955
717136
1623353
2229591
367288
2037182
2416460
638772
1197209
2470544
2230062
1798798
129710
2365043
793998
378995
464061
894009
628309
2020599
2156349
1812529
2520359
1913770
1207160
1873080
2631062
1604357
1555416
1251022
2349519
1952142
70777
245516
1471593
2374326
2525243
1983113
2074685
984664
2551603
598848
1149736
317877
953749
103555
1720220
1759895
10156:
2382099
474730
1855166
2426850
601435
1045799
1036694
867470
1503303
2210909
729591
2464585
2403033
2334388
10157:
2596225
2000188
2529845
405831
1148460
1579347
2616705
1962942
625312
583491
201290
704147
2351042
1365033
1169409
55780
2630768
83217
2209441
1996122
88652
1651030
2350008
2386526
218783
2569890
2370736
2444277
1662471
799775
842969
1570179
703905
311377
748146
1421661
2511142
16983
2529081
820774
311745
10158:
2443212
1936779
205756
853020
2431405
1306271
1416370
2100882
272580
2432284
1344730
717564
793
189952
1164864
2124644
2368975
2257327
672161
1950540
1537128
258601
570435
1150465
49048
1300942
2643442
323292
926094
2581818
749650
893041
610397
22512
804970
900416
1385752
2356846
2152617
256059
1299846
847360
1965682
704601
290462
313786
13085
1215120
1893816
127949
2350700
2085945
65760
2547002
1580816
478367
1640947
1636198
368438
603306
951494
482357
164061
836438
1596806
870072
1326536
323908
2537818
1970794
924091
1987958
717881
1721666
1205960
1875571
1384348
1499302
944159
1899836
1381621
72894
151969
2628609
522428
1530576
744019
1657689
1790611
777825
1798481
1446168
2388932
2290570
997784
221233
256358
2076380
1546401
2436692
698998
1351864
151035
262279
409516
923575
57830
751226
2466568
1732584
84271
1036831
582887
1424273
2461559
662684
2632884
66569
2368684
1274863
412725
350444
504935
109440
1047651
1593822
1827462
10159:
652964
194426
1020403
1454357
200255
733291
1021517
1386345
442322
2161977
69809
285597
314635
884203
1562924
1149838
374742
1271757
1465806
434210
2069446
1881445
1323907
1042163
532406
291018
1842771
270212
578055
435549
1642330
1602927
633283
1779620
2336734
210386
1766858
1415648
462634
116058
2057272
1812311
1884518
1780916
1036280
181112
1931293
713470
634569
2295960
1663781
1016:
687304
10160:
1495561
1859181
10161:
909302
2291776
2411892
1293472
1663781
10162:
1530644
564138
2064763
476120
1943512
1122897
1380665
897496
1916244
1229795
830189
1457870
232719
2374613
1535959
1688477
802513
2572236
201798
1561999
1062707
1981223
1130533
1796246
1532475
207150
2562295
198609
2329593
2553254
2111373
2013204
1259115
2060176
2317874
2492282
2366939
1965691
1521657
1131878
1995006
1953459
1470036
2648609
1657842
1918304
968885
1666386
914078
1493728
344174
518154
1796175
1748546
2408213
1905830
1265624
57913
877605
405978
1372018
739744
812757
86145
1302747
1430603
373595
1213878
1360742
1757132
2469059
321093
1146664
884983
1797921
871546
2148414
1120104
2157145
1106447
774302
2102198
61189
1628219
1203360
619792
708895
627879
820587
859095
668493
2179183
324550
263222
422459
734090
198459
982694
1597348
983944
2089263
1988587
742696
2321890
1859749
2173286
276144
998373
2275906
2496796
1218850
1537967
2622943
2457110
1211638
972715
2366010
962325
1929568
1256697
1967396
2110627
2022983
593743
1397673
939516
2277646
2175815
762761
1232454
2325595
2336656
145020
2028539
384013
1286746
1457
1789077
650481
64200
551048
1056524
298679
287306
2251362
236642
1321690
1494115
150245
1853711
31823
1841716
845528
1794701
2557454
2293344
427350
2548776
1837378
661459
2344785
832362
591471
1125340
1400220
10163:
1833284
807393
10164:
453081
1676504
1035100
701116
2153610
2325797
1032518
2265816
1282734
1567384
1052157
2639603
1246714
383642
2094447
376012
179452
1596047
2364532
1948253
5827
10165:
53039
1412898
577232
2487423
2288257
1327829
1991854
2137354
1278477
1754999
1090274
2257680
1860468
537437
10166:
1493086
1527303
707803
250109
808219
754102
10167:
2270625
2150613
23425
10168:
2054666
928743
1942849
401527
595864
1886501
2122231
615597
101138
948293
2558420
945783
798953
1642481
167589
411805
315176
2526436
741088
1019328
668194
2605547
878076
1669707
81490
649288
1673323
176834
229303
1187828
2074006
2056063
2617257
1387750
2189352
2620694
1271539
786625
2411060
1678745
1987937
1736248
851746
1939654
2484906
1459728
859497
251900
870
1068174
1265504
2148703
709091
1429287
853945
698602
1226573
179922
1309733
2362627
332045
1983821
926284
2504125
2012942
1423644
1857273
1209818
1387908
1797652
1908897
208348
1857860
2199651
659555
1457870
1473614
871562
776293
454809
267412
891192
641263
40063
533166
1019246
460265
494543
1221544
1946158
713423
901523
997518
1945296
1059470
943201
1136755
466172
1271002
1072685
1319775
17299
2479765
1155063
1950364
613042
1344093
2621026
1218206
2606655
2116158
2526668
2413968
154735
645557
2195615
2070845
1509827
2123425
614672
1479956
2426596
2533775
2063574
1229802
1471733
1661897
2542041
2240192
2431663
2108559
2501259
1002645
665882
1928617
1941368
816156
1713019
178688
118666
2116224
2432316
1517192
2028566
428461
1229603
1485830
505335
980324
2306226
169750
831025
1701111
643941
436072
2222181
1565136
771923
1843700
269315
650561
933940
2403989
175492
709698
1669098
418653
2322960
486818
1823475
349213
1665582
1870703
1478371
1403485
1923065
1179407
1864187
688841
871350
2108418
1070771
1874318
2160238
2471949
1405157
643562
981500
2277180
630993
1524181
265349
2071493
1795343
1811434
2004041
1458645
1131101
2147936
2501940
1806181
233793
1737488
1475127
2642241
2024686
2435556
1248747
2520425
2082581
1809481
492352
504150
1434888
1760399
1076903
939933
2620046
1872471
692988
2378089
1023285
1321646
1706355
257392
1909566
1999724
1772601
168356
2485884
2107062
1192750
1263749
2580958
2513193
453265
802303
2355089
1666107
22561
2447268
2413996
1196137
716297
2511852
742587
1548516
1329479
1493457
2203256
1646852
1642271
1258170
2186874
2206484
1918304
1295277
2107192
289023
843693
489238
473263
802426
661145
1143765
1282603
1615486
558725
981541
1122717
31130
1832459
881416
1432923
2083868
513033
2221814
556459
909226
392018
1191334
2157514
1433798
554868
1546735
1657544
2195590
2540087
1728895
543158
1816016
250865
1767766
1062111
723045
2148615
547411
1770761
1682731
1233557
1557232
2597087
14042
2442528
2117630
1517341
802798
87629
1431614
1234692
172560
120088
1354180
1699511
218782
32556
404301
2057715
2397721
1915827
2446939
1456537
108692
219836
383094
2584595
2324690
1309518
2337205
918609
1959723
101814
617655
1466788
2128006
2225602
108995
1291928
1063060
2262408
216956
1376857
2477677
570268
1127341
1898882
473087
2091229
1712446
1531297
1954227
2378424
2617997
1850072
1609375
391463
2197151
2452876
995353
2635458
2610916
889688
767326
154731
1279107
268979
1023338
2091578
15672
379372
625466
330344
1984111
1666507
2176981
