1:
30878
2647871
1283744
2488120
317050
1904905
1989766
14756
1027056
1149588
1394012
1406595
2529547
1682104
2625019
2603381
1774623
470861
712610
1772839
1059319
2380848
548064
1001:
1050889
67976
1025642
624334
239718
549109
143504
584301
437680
2434971
400819
1841130
1926199
805709
545109
662875
74408
529725
1786012
2382523
1358422
10011:
1624701
2646826
10012:
2445069
1483604
418164
2491070
1485175
1043648
1913770
2560523
2416960
161063
56741
2301550
1275794
10013:
2503691
1222878
843201
2271154
1346139
124014
1501028
2201453
225422
222553
1521657
295833
10616
512945
844777
973206
2246803
395087
2360499
1153049
1846387
1454544
1362:
1699810
955269
1126446
2581937
104989
166057
2036824
2250710
13620:
2140542
997100
878630
294098
2140803
1965046
1154952
1257758
641388
1995219
1221959
2430768
826864
330240
13621:
2633254
1700405
2234279
1028420
649084
1965898
1463222
1996682
13622:
1666902
1561326
1237916
2079541
129093
2258600
1562876
640355
652296
337860
2053101
1797498
1014566
569083
361456
1058392
1830910
1405582
1897619
2170563
322247
2097004
354021
1384697
1079697
767654
1666683
1142278
1594340
2368488
1652349
375830
1535251
924388
1274925
791441
669401
1778197
2481906
2382535
463272
1208443
106118
1314777
592021
2317367
2320253
1831955
1794321
1119634
353505
2372985
809945
1513817
699176
821391
2515816
1594812
704795
1283579
1882000
2006001
86535
2139762
2585067
1187957
1168424
1117145
205696
928449
1830190
1992471
1375881
452370
35064
542142
1694468
1531982
1574148
258532
1541246
655347
1628190
2338173
2107008
754517
1374506
1299502
2006904
468384
872287
772124
2092154
2306616
650721
1419144
2630599
1352692
2253048
1305791
2099751
1662471
2550757
732431
1704499
813440
1965415
1906145
1071918
2459860
10150
1632297
1093895
2389979
324414
770129
1839302
1046657
1353003
1370246
910705
1689929
2363570
866511
1622397
2354142
2558095
768531
1301525
1906611
1381066
78169
2643962
193975
2167752
1938617
809321
293567
1688554
13623:
1538674
1915354
630029
136770
2221307
85929
667361
427072
2519758
1357033
762781
846477
1875932
13624:
969091
373515
2020538
13625:
1336176
385636
1752727
2054252
1094664
2389040
1609234
216641
51058
2350700
129500
1499342
809602
705770
1259056
2293544
653317
2542922
604335
2182845
1940804
13626:
2293336
2563723
670052
608593
1506188
2276333
58708
1858850
918772
167983
1996051
1615200
488628
13627:
1003438
1580402
944167
1864381
267641
2295960
13628:
1869884
388669
1640677
873880
2488939
21368
1678459
1339049
2639099
796509
466346
303321
1608234
1389648
2597250
2635586
575310
1467380
1617720
2450960
103723
519497
1096183
1972518
1136643
380726
1935405
895992
906474
1887609
1084814
1683087
57183
2430686
1413636
285393
856801
1003276
1259493
514005
2008805
1835340
1184192
505654
303625
130218
118730
1813420
1904339
2377938
754392
813245
322815
2434829
672129
1121494
706142
1014110
1958949
1802925
1932856
12147
2033537
1303202
628169
2346154
928664
1525993
2014606
1794309
1948858
1492287
1105203
1920382
476743
1947547
2449571
1396171
1325334
1961629
2161101
39694
969268
2352428
1138094
810499
603221
998973
2084363
700412
861944
1135293
1901368
255507
2338412
1147121
2273776
1145483
124770
2324275
1365572
2252704
1088976
1622795
1023379
1002313
2442770
1899162
2211298
1910570
1062128
2588372
957673
1293693
1686333
1487072
1158368
558626
1796166
1566489
2008590
1737920
1555294
2638264
960292
8596
1338336
1092239
1096641
2315452
1440066
471359
137921
1462998
2118043
382396
1151330
459912
1540789
731635
2435455
821664
1570165
1672302
126577
2378189
2221751
2463950
2210746
2454134
2154698
1917918
251072
70754
1136568
987667
225164
1311684
586760
208655
1853838
246667
38241
200051
2330548
1741100
1416005
1932189
102636
2179660
1090641
381678
1926937
480813
169541
2569415
1893771
870590
1618796
1416380
141413
926076
1384267
708005
352373
2405410
2350651
660261
43939
2170761
921561
2129155
1032551
379802
826985
1180830
1584770
1654862
1418917
1623528
779140
897949
754495
2016283
1884737
2346383
803998
951823
1625463
1751559
2111541
2591806
1073214
2548273
2029182
1851974
1903587
1825621
343954
2360992
1714506
579729
396018
618830
801348
427891
427101
430864
1681964
992727
1867850
1376735
1959439
487106
279637
2285062
2458950
741511
532302
1693795
1514596
918552
417340
571349
938586
2508730
1671779
1623574
459984
735952
2000589
683447
2396268
122915
55053
72097
50817
1200601
2506904
1260233
1765790
956588
2239449
2468367
183151
2572726
2114725
1446140
2515258
220882
2172888
138055
1719139
2161322
343858
2483979
2562357
257121
46003
121073
2502995
1396311
1711910
2018104
1884194
1735978
1586267
268854
1991442
1109973
34183
2504344
677032
1928631
1495907
707496
1464111
984368
2591429
344259
509390
183659
590903
312663
2195455
206907
631502
1305839
1548794
744588
1151192
145422
101604
1884188
2203807
1153610
1559292
2526276
1960654
2159378
1951177
1348019
862183
2310805
2409772
676564
917254
938816
961772
493262
783881
546347
881956
775603
1820568
509808
87603
1653524
1761939
2376435
358430
953273
2374554
1761573
966363
680238
1490827
2620440
394608
1480848
1549280
1066383
1008618
2245521
190001
472558
1813810
764226
525518
2076402
300826
914704
1193392
842921
1553988
1572512
370498
2026936
13629:
1955435
1957768
2393681
425100
1436396
1739151
88799
1780628
1424687
1551276
208725
759395
1339554
1700057
1999622
847018
68768
884697
1190558
328223
303105
1981497
2391674
1657828
624596
616908
2641278
2501264
1907038
2153690
1169185
2186173
837990
146601
2339953
706778
1126958
863785
889574
1651498
2270718
1320450
1788709
565995
1296168
1643849
731635
2380030
2438319
91651
2162653
1352781
507586
2226348
1941083
1280332
999661
816020
1738592
1407862
593674
2638811
1432633
217625
1204611
1044568
1318034
216348
1071840
1821503
817718
1461261
1969592
1329865
1936206
2271589
2520397
1011980
799775
1911743
542429
1527022
1616204
2582215
1387590
1733765
1436339
1235979
407147
844375
1119442
522933
536224
2384211
143553
2604867
2526228
1134026
397595
71186
984997
1676914
1056129
1754058
580316
829949
2357581
1155418
228486
1221930
873029
900899
1363:
2395214
980115
550936
784490
386900
928604
1064229
1189050
533955
2472741
2388454
940688
961642
174753
2295862
367941
868705
1544778
614406
104069
3320:
419427
2142873
297998
55519
714905
1319280
1140696
33140
1544320
2242100
2134735
2212890
1624194
1405180
558717
780490
274171
2559450
1411946
1740317
854414
2036539
820145
203868
124482
715598
2315339
2225370
92437
2135842
356325
2149961
749625
931357
2114157
2312353
1154483
442192
1962491
1230433
1211319
2137556
239900
1409373
172629
32088
266078
1105475
838526
2385256
557214
2193643
1184988
746664
2335041
679152
1228895
54812
790065
898022
2546915
320568
827575
2058107
1576624
860327
1583038
1955103
5503:
991290
319855
1338231
147401
840546
2172070
867242
1125830
2536959
2038099
549672
74230
576015
1364321
2393002
545699
2572910
338867
797227
830109
2483431
1784835
855088
2305164
2188443
2338566
1560393
746466
1249828
371850
1304141
382889
209749
1147738
682256
1882997
5504:
440956
5505:
566016
5506:
658759
264378
212707
3432
1827275
1740888
785479
1192339
1474746
1510766
2500102
1120943
616743
2446623
2204523
1387004
2342898
2483795
325698
776955
374997
2434871
503857
1832751
96792
5507:
2470348
1053004
2640231
823110
940274
591054
1600795
1859056
315268
729893
1685919
387679
381134
5508:
1140414
2379855
1249180
235482
1063166
197606
1050973
70442
1690413
194902
1702408
1871583
1778537
1315051
1932098
1179420
1097315
731913
614860
1501998
263663
1777548
1116065
2142623
104224
310948
5509:
1048712
2537057
1150483
1927110
171383
1235977
5512:
164232
399019
480895
2457314
5513:
1261495
1676879
1227064
1071080
1911350
2048177
985452
1142419
1540008
2553417
1281339
441730
1653521
2183989
928883
173226
405050
638046
1853715
1454295
2004004
2294384
1155649
1521539
1659896
1592144
656780
806561
2172315
688323
156401
2290607
1548908
217269
2054096
1308990
268926
1597324
200514
164319
2090053
2447760
1850634
2004388
1129860
2481170
2513522
1873087
2482635
120801
2583705
1941326
2408608
797793
2101992
170886
1813641
1939558
91337
42916
1908958
457070
115426
1246654
1082448
2441895
1137159
1732307
1331659
1980828
626466
1523783
2207031
1712838
361691
5514:
1045574
1611303
1125572
2175715
1429294
2582134
5515:
1348972
447978
197179
82768
320950
179159
469857
656418
2530607
1290873
115498
1887902
123943
1094404
2125051
1873412
2529894
1212752
1837804
1174458
1971581
1589034
424286
357952
179563
2197986
1711125
130818
2046093
1824001
41889
2270748
2043213
89266
2436327
423676
109409
104863
841638
1456516
794324
1195633
563123
129655
1935238
154005
600337
2554267
1718960
2335855
1494717
1486443
653987
948009
583987
798841
154724
256990
2317307
1123546
14069
1890507
2571693
915349
2174603
1469354
2235723
2314728
439199
2186844
523110
2201687
903885
1487216
892936
2573979
409508
1415175
1753149
804291
663202
1414682
2577968
225726
1503805
2415579
213866
108385
612504
2624195
997877
2643254
487767
1450406
1581331
683615
415895
239904
2225854
934101
1075036
1454785
130292
1634727
2276908
1774704
1870855
16343
1636424
487915
515510
440771
581570
1936828
2311246
702795
256038
2209380
2067967
872447
236149
779750
1715949
2232954
2218462
2131310
2270431
900312
336225
642596
1606265
2595156
1418758
2085187
2266804
229974
703049
2589830
647359
204430
185105
2354096
1073201
2065500
2561751
165081
1772947
1265702
1301583
328466
730440
1495744
1407545
589810
562857
321174
107215
2139524
1561462
653417
606368
360944
777844
463815
2211386
1383627
1762897
560352
1978046
990691
2510539
555311
801597
1408643
743749
1208018
2510385
1051402
646172
2228963
2085834
636004
1689839
1592631
475010
1104867
123756
2570602
650162
570717
1924226
1645008
388086
2149796
191731
236651
2131138
2506851
1024582
1124216
1332428
738456
1919486
1643494
7804:
1547962
1505037
1097074
70566
38345
2272603
108976
1350045
1279959
370733
225324
1788360
1271054
2103074
1581292
38322
806084
1892244
1671153
1482841
1578669
2064432
1121564
1151562
1403167
2473586
1671924
552381
1551107
1872986
1002494
739116
2590280
376774
1285992
552403
1674491
2381036
2512609
2576837
1842559
1408231
183256
2031063
256468
1938252
844497
400385
2424628
1517985
1306801
2545328
453585
750367
7805:
417569
2406158
2402805
2038196
2631993
7806:
29267
1867749
474921
2222806
298043
7807:
1427886
1140579
1953331
725965
2517586
301961
2462943
1599336
665589
510615
108983
1116377
293151
1549389
1295876
1139318
556522
989771
2599552
2543946
757483
76497
2280276
2413441
1310900
408167
1669603
1731733
458459
1324023
304901
923889
847961
583100
706665
1029642
1720643
1453955
719480
199650
1470460
1028095
570371
2245673
1153042
2029072
1346990
1768880
45386
1732941
1230462
612001
1871391
411006
2410284
2085110
1955770
2633160
1406711
34816
1679204
1392156
413544
101558
1441853
1985808
228769
1278811
1533228
843523
2457050
1311535
231170
2143927
1714930
672262
2122872
1696213
125794
1138828
2165600
1510947
2302848
1460137
2631209
1921746
549289
400451
2565130
167227
502899
873195
979183
1660464
2246365
930314
1049362
1102898
2204272
576696
2072838
111425
2030226
1514786
372592
51968
2125901
1502435
493738
2564077
625432
635675
2623912
1656819
1042060
2520829
2163341
2177355
2534803
2054579
1463440
2611874
2589296
1728296
2167931
330102
1727033
9497:
980094
2535953
1393450
61624
1120867
2316756
9498:
794375
989716
1408822
7785
1647801
1223767
1697585
2173785
2540436
491620
1203478
822400
1923587
54867
883784
1230786
1303509
507810
102553
1326506
1490400
678815
2578440
2564077
2620808
99452
310264
882978
373470
1570219
153067
2195319
1432526
1478297
2622853
2463963
1897088
626868
1011235
885088
2367545
198367
250692
263018
2626595
1258305
679222
193540
258507
167586
2080470
1561552
2074420
2467865
1797216
663034
2439274
2270508
49718
2607403
1722088
2404746
1304035
884736
1739031
2646027
974476
1336325
2236896
2570803
819430
768880
2118074
1629209
1769599
550561
2058734
1239486
277701
2197839
311253
610809
146423
2585709
1530761
315494
1899143
2583495
2163112
1341387
1327779
2139109
2148029
2107416
1334996
1378644
408998
370084
2333311
631234
112312
543992
1724323
935211
427631
455112
1135382
9499:
2147191
1917013
1104788
2278057
349649
1981521
1279892
2024463
2037589
514575
878671
1340264
95:
217528
1337115
2497006
1570495
1223052
822613
1814653
1981067
867868
950:
93720
9500:
1672482
1552355
208725
527223
9501:
2378361
1357217
9502:
1271011
1685803
1744314
440858
9503:
266868
2218787
1470181
28258
1910647
2360494
360658
2471756
2620402
1504665
2265491
2579824
870602
29741
9504:
2262780
1641547
9505:
2484791
2402672
1731838
2153840
791331
147493
1498520
1506685
991512
1859505
1437396
2512149
2560037
14175
2171387
1162922
2330050
1048996
69762
797705
180295
805157
789910
876288
1010572
1348153
2104911
151477
630741
2645594
1130163
2490098
1423452
1006266
63220
2029168
471047
2615895
2266234
1170831
1592928
2424422
138752
689187
9506:
550163
1094687
128611
9507:
693911
1230031
1568158
1791121
622093
1123385
9508:
754355
1576722
1310463
2193032
196574
652869
813026
693720
1938951
2534565
1934103
2269842
1690682
2314150
1730683
1944425
483646
1742355
7394
2412979
769134
1458602
1640436
2461042
951446
2370822
1343911
946260
183569
25071
287516
833385
106887
2304042
1376671
2565383
2104488
1484537
1622686
1648242
1659128
425767
1564482
2328544
2295671
1631000
412321
1418573
597873
615271
2202411
736830
2394727
249881
1495417
1009079
175248
122391
301819
1693250
2300253
378986
1667540
2226699
726370
2137163
627705
418763
2599634
2116221
1781714
1112235
814745
402287
528160
443310
765754
2321949
519064
2473503
366306
1278753
483608
60628
2535861
909446
370027
1888712
1598909
134145
449786
1821474
2274753
623330
1484320
1684997
2245734
152108
431067
567472
1292060
1950626
867665
2219438
1939169
2324425
1082596
308487
151679
1480399
1814368
2244873
1282355
1093258
1308289
1944417
1791734
904631
527303
2353308
146550
1104584
2545369
1486248
58683
2241033
867238
861638
254094
2108061
2485724
1880421
689086
1664345
2553913
2053379
1884656
367233
787916
2450156
1004046
124085
2491559
2445012
1179971
2261300
1607047
1546279
1390401
1068772
711346
1348790
1851704
1548732
839839
1027808
2102000
277784
1956684
639755
796113
96408
514279
2535203
293669
278824
1684062
2328837
446525
303630
95418
1907018
827201
158198
1444289
1374289
2233367
43439
1475350
1332487
2100782
1081120
2300831
578094
2322575
2383312
1057947
1764103
2144100
1330158
2633723
2210446
1312037
343062
2467815
900154
925306
651838
492542
1277193
1756044
2383930
223119
2301456
1385761
1950371
9509:
2241806
96206
1037782
1060407
2505212
845130
2377269
317370
503179
470504
1681299
1045653
1091620
1439903
897268
461712
338246
763876
494150
2475887
2611991
1944705
1783599
1951644
2083021
743259
140394
2094526
2465533
623616
1865579
2227161
425571
727400
1982727
79141
1931622
141157
1368751
1996301
1776056
74630
2131120
1875216
1902174
1467206
35371
1147712
1996534
1681323
1607160
402128
914278
2013032
2251109
2008171
1282217
2096540
1016141
1194075
2138646
2269328
1447789
2140245
1363827
2367141
919223
1576849
1084980
2211954