10004:
1737087
1270334
1262711
1903515
2140798
2479158
2161335
2099522
1291600
2198877
2214717
1936582
84804
1257912
1263375
735147
1186407
350806
1141242
638738
590598
1704823
2238464
273497
2499539
2543444
119309
2540335
129495
956464
1648424
10005:
254775
1892654
469365
793736
926698
10006:
1093333
1982605
1534853
1632583
10007:
1204847
2160216
248206
835054
1064667
2419805
2084848
671106
2087887
1340891
1917538
2018945
2520477
10008:
1813636
2048630
930946
1492860
1687570
1122917
1885441
10009:
1927533
1789102
2263612
964421
701514
2120902
1001:
1050889
67976
1025642
624334
239718
549109
143504
584301
437680
2434971
400819
1841130
1926199
805709
545109
662875
74408
529725
1786012
2382523
1358422
780049
1894639
1014799
2176030
286045
1381947
386254
224172
404085
2005305
1956315
2580275
2110738
1525405
2187027
1995906
2133433
2097983
884805
2083077
1642134
2550380
2559056
1080407
1455000
498315
2464251
1149181
2117376
1368543
1216717
1727516
1771413
2326782
2423679
1198786
1042938
2640911
328713
2591056
256030
1363889
2615076
52736
1359594
1385396
2414993
1274754
715115
795536
1991455
1107351
1451770
1433190
1769644
875020
2456714
906813
837457
672807
1863197
2585014
666419
1849372
1308814
2344636
755775
768710
2334860
468090
1996056
1603215
274970
1060880
721144
1381762
1589154
2033841
1372601
2339869
41031
655047
916708
1924771
1686092
1552908
329102
1181907
1762077
1583835
773994
25452
321005
1369500
2429351
396491
1745676
2204817
2624938
491487
1298591
77828
1047191
2642897
2494183
1337506
1802655
126058
940778
1988427
1720476
1947287
31062
10010:
1462925
52050
650466
1813166
2224061
815731
154626
531384
696688
1088633
639327
59938
1856669
2034703
1060588
2475682
1075860
1633365
681503
186927
2374977
2113696
1677862
10011:
1624701
10013:
2503691
1222878
843201
2271154
1346139
124014
1501028
2201453
225422
222553
1521657
295833
10616
512945
844777
973206
2246803
395087
2360499
1153049
1846387
1454544
1018789
914602
1321443
1150421
2045002
1379641
178089
291407
2229322
2177405
105997
2346736
1729494
472225
1233535
1529676
1414279
461311
1715286
1714052
649457
451510
494014
1544885
110412
1894679
1006623
467438
776931
952735
221590
348279
1911099
1923760
397753
10014:
1626179
1359761
430376
723484
839609
10015:
975179
829739
1732761
2162539
933118
467156
164480
613439
1312973
1769664
2477285
484575
2602717
1320821
1236649
705793
1395812
2056853
770517
1514136
988835
1172474
1213571
1801332
1623337
588400
2378764
2405069
10016:
1751359
234929
1759349
1604433
1003759
10017:
2280428
1129341
1377724
10018:
305767
2316945
2173031
676747
354053
2119257
2282361
1670793
1960248
73918
1516345
1236649
1403470
913554
647979
404170
2487526
502190
801510
2126132
1652905
828150
1634975
324441
1569186
905901
1435115
1140656
423065
178629
10019:
22036
1126085
487154
261890
204512
2350988
943653
1725053
1967016
2042897
513351
467597
475394
610785
1191387
2597191
289045
1466477
1970876
1259566
2049251
2535358
1041111
67095
1989902
1796655
1772740
2356037
884657
1367415
1394476
1137339
658929
518974
1568346
371346
1207852
719156
1151159
1882122
1340177
306688
2455675
1750548
2145783
1191324
389917
505579
814902
245527
1462807
459444
1591721
1214125
398395
2093048
1933736
1274113
1994982
258371
378543
1703266
2250647
2085688
2391227
2380848
1116868
2157768
1306541
1002:
2174660
1685301
2030264
1419286
2520929
2035568
1288929
1680156
1858104
988266
2633719
156594
1384253
1417842
10020:
922636
1967058
1949297
1562927
2138373
431122
1077653
167248
776126
722639
2341725
1252652
251807
1751559
2398282
705246
47787
1064752
2308022
2414321
945481
1854443
2035232
951643
2381070
1011906
908968
10021:
2366406
1033592
249998
1205724
10022:
510391
268014
2511719
661571
1824779
2178013
2104013
1829777
10023:
1429287
1321374
2563028
679315
1363076
982889
2107604
2286495
1756370
2317624
2548120
10024:
2059382
1210053
1654205
2027932
311377
2161379
1611053
516686
2529292
2248946
10025:
1791064
10027:
401511
2354884
1951605
1609548
2620148
37748
2414149
748800
1050405
408479
2361485
97178
329172
307876
812384
1619494
978638
825069
2472069
1837559
1549473
163607
932638
2106623
2611092
2602187
2310492
916375
1591556
2389108
1422109
764479
1945345
2308597
2092389
2505218
1973874
174668
672519
2568396
2015359
2228062
202876
2163080
2422758
536155
1179516
1503954
1967313
2577872
2327767
1169517
1430:
1608521
14300:
1634682
789996
2203144
2393633
1446949
2568574
1645456
141176
2296857
2407957
1343181
13592
1381541
629443
14301:
382355
2262322
1904434
2011181
2331032
1351322
330558
1880085
559224
544709
289710
2273925
14302:
2243604
2514372
727449
1799697
22786
338367
1643917
310844
994661
1327321
1159305
1626587
2046429
2439121
234517
95325
1175361
2063287
649864
2422120
2544897
1589680
311177
1221117
2086782
1472751
385926
1981851
1288822
2266461
1989548
901701
2107940
194860
1358681
820677
2000071
1978792
2616143
627315
1166979
126331
296500
1666760
1189263
1252375
2493370
2091983
1406848
804040
1519042
2009515
1975901
2200790
1653367
2409971
1925038
1628895
935024
2177483
690211
1230712
2594387
2400814
1144517
2262985
1525755
2141223
2467280
2451648
1399571
31443
1942371
2236998
1435379
1455957
352254
469730
1514248
806791
1930426
96251
2591016
2371104
1409097
2346189
1735260
1529454
1772293
1280147
2217821
1135893
479919
2615715
1288720
623297
2645867
607567
2147906
454213
2495771
1467775
772093
1008946
730914
2372890
1636193
407436
618273
2517996
1132302
2245500
82048
109445
1222383
804111
1749551
323995
2520934
2087079
470335
2530382
1788959
1141902
2432057
1403658
2582953
499667
602789
1983877
1876952
917305
2130373
1982312
1380715
1899228
159237
1357350
313211
1149239
1173440
697242
2540317
2646422
1853228
762432
729425
164438
1808308
816856
2570045
854990
1327948
2065709
2403997
2217921
926104
220023
472198
411331
2011520
2177010
1362975
215503
2145801
899738
867670
1204639
1627738
551696
918656
1066353
1869586
1325322
2108128
438026
2168931
2417618
2054177
477357
404978
120344
1255207
453455
528344
2298015
1723691
2136441
2521568
1707364
1132410
133821
713309
842885
596158
2574592
1624110
1039827
2385747
1697022
1029151
2378955
996337
1179512
1394261
2599561
1799768
237938
558056
1171491
910718
1975589
380018
1580281
2219560
100654
112298
2022693
816598
407885
1093565
2623704
984799
1696587
1847565
1385619
2535522
2024700
2167726
235874
298043
1115604
213226
1497667
1724148
2230753
2255772
2121396
1687061
246067
2450013
776286
1675088
2302501
1865608
2276525
1293458
2138429
1775516
706530
441454
1127484
675153
363949
1245147
2482140
998700
1855844
1945881
1923247
297349
1546840
396876
121593
923484
2210956
1837718
1437614
1194667
1427025
658074
267930
650713
1027152
2284404
300868
1039114
1271026
1334274
2354658
294151
2201341
2403613
543142
526275
1359895
1573072
2094456
1345614
1837447
601686
806798
1787082
1970694
1282480
2406388
2555226
2482623
2509713
1687637
588421
2364361
1241325
990929
554258
1539464
2216810
98128
539615
856937
845300
892218
2529725
2367022
1726185
917470
628477
1398782
1369887
2322734
943863
442830
1562295
2367245
223725
2220954
194649
645003
2155625
827526
1995153
2221939
305841
114961
1884595
62638
1228122
1720913
151477
188734
162090
1185112
2236465
1304436
2407827
2460029
94162
1669646
1741285
2273364
1970649
1914311
249993
1075779
1049757
546175
2646133
786659
2341483
1849008
1605432
1308294
1179988
1597584
1915897
496742
1615950
330762
730064
2432463
2576121
1541052
1263281
2329173
2252574
592996
1776980
1540128
1989983
115589
626740
1252638
16603
1224314
1565408
542938
604870
995430
1118693
2532052
113597
1772588
680503
2497286
1273399
2023340
1754240
2062544
1711754
1187197
685051
636169
374340
750335
1339371
1343942
1326541
700146
992345
517329
2546392
8523
540501
359492
768097
248616
2386774
1678711
448689
767871
1835319
1455399
1672063
2234219
2426830
752533
1002149
1255910
1408571
1868640
2503158
160092
293468
2203918
968134
2599626
1714299
2160017
2643312
2248636
1092047
829260
809711
2577691
775055
1403203
284886
2112428
1628860
729312
1934211
93829
657943
383965
627028
579436
1884833
571675
257509
64464
64498
1986608
1540511
1827807
310867
945320
2239496
2376811
571724
1708085
698662
97546
2290965
2280102
1492391
1122983
836651
424354
1149496
2401757
2601385
1626829
1374005
1464370
681394
1844488
2320706
2149078
2446717
510056
2515169
2380242
965108
2244967
1543878
619967
951445
14303:
741930
1991642
526961
1985047
1886030
1891697
2561864
259145
2396882
2265104
824004
1890070
1854120
465400
790666
899799
14304:
2048790
763897
1770937
2386990
2570440
1655708
864441
1102433
14305:
23898
2606654
57043
1899475
2486902
553574
14306:
1328500
1281460
1407187
14307:
2131996
100797
1081043
1291198
2382886
1045470
2243770
2192158
1473956
940745
1720923
336679
2061569
1853544
930680
413718
2294850
2575496
313640
566515
1227925
218269
1636904
1665452
2629374
1656176
1449760
551512
1436247
172483
381635
1856991
1331343
976265
1295085
2158857
1569405
482209
1515418
2509639
14308:
1784102
1288561
1719881
1097970
2070183
440635
1192658
629568
672534
973655
1976115
1766777
2512437
1690588
357087
1847499
1752793
1668447
666338
1001862
943002
2128468
1899588
1829689
2133914
854458
2567124
2576591
14309:
1048550
739050
1901270
189720
1578868
542204
219846
2160976
167710
1500112
146399
2096220
355855
1705423
2264259
2171745
1177442
1710963
1618309
1485662
1008039
1878661
1316551
1431:
57332
615459
2499082
681130
1513080
145746
2356274
726341
1745599
14310:
945327
86096
1869803
1552569
2263160
699764
912974
2641871
54618
14311:
474371
372233
549833
1044582
1723547
1597295
2442751
1069597
383703
106390
1982137
2526943
14312:
1368231
239716
733332
897051
693789
1607001
2550966
10577
33331
1685190
1647722
1308624
2573171
1580909
2007891
2082376
2356634
481522
440860
731178
540459
647036
1288999
1418411
167344
106900
1312345
1969613
1274800
691333
1177657
1172617
1641810
1343057
1786620
1533832
733818
2099463
727485
2603300
1473823
1212467
2273188
1407103
2086110
2272398
1963329
675595
443741
930522
909265
12457
1215212
1437491
534388
1836064
1985120
2519120
2484302
850405
227132
1770240
2090060
1324484
1894627
2636379
139694
2388479
2361188
1591955
1751002
484902
1069092
1712274
205987
1957002
890920
803947
17342
1496553
1228393
2351488
2156889
1964335
2474526
734458
2514191
2362837
1903769
1826643
347273
2119085
992617
1143752
2070626
2014999
1098428
1466363
949694
1395149
2338966
2249254
370169
566310
628969
2289399
2061740
1277754
2305643
1861182
1141275
1954696
1707671
744807
2154932
1796370
1146088
580695
2015744
939198
307483
1970298
1852797
2466029
1097485
2018130
1980078
1807122
1637145
2271535
2257736
1223844
2019664
1483808
2080289
1752332
2547405
332243
1490148
2331127
2458303
2580983
81866
1666304
1807876
27250
651845
167151
1254295
2237875
1814431
2257951
1242170
722050
487497
1574990
1715610
982057
1695797
1878681
797518
383652
732337
2361975
660636
2051489
211605
1680302
1926024
2386756
955
2263720
1136281
1461261
1472884
2319595
2071020
1667780
1845977
234703
201518
241551
1754027
1389358
1781007
1598727
2293294
2514947
1711622
752963
1881029
957636
558952
403971
2508423
39725
919800
1681959
2425735
1910683
471823
203890
1197111
1044474
2040921
954854
2575535
87467
156269
1544885
1705772
1660085
1571262
1639896
1125805
846404
1069050
830916
421944
2148360
2570917
1949966
1856525
74658
135015
2358841
2073488
127425
780963
533267
1920173
1341710
1136517
1335912
365214
1185107
2644973
1126831
1789920
60091
993621
1801711
2011946
1040133
2632964
376982
802076
1303332
120426
463221
1767214
1883083
2011560
266209
700936
1024177
1377969
433864
83562
88012
1181644
160920
2290474
364270
2570792
372932
1088059
2086708
316031
599983
283704
779855
125552
870316
1211288
507270
2089141
362505
379544
2443848
433319
2052430
603135
265746
1683974
1215336
2104229
238775
1564189
1237463
2181620
14313:
1261177
2047793
2119144
1177979
1797829
1994194
1937487
779598
1466464
2259185
96593
43174
95325
1701772
2537677
149039
459652
1055089
2171927
367046
515508
1427491
292309
456734
1645779
674918
634524
50473
165605
741534
785559
185849
1670075
355964
1151116
1749604
2618714
335340
1804251
974055
2311148
216915
2415490
2398438
834250
1272778
271052
2329027
1551427
932119
1107800
1749280
796269
2211599
559094
2417698
830375
1948297
1836064
1340873
2121934
1841976
2049978
2512709
849760
693990
2562541
1162707
1662907
722889
680440
2522590
1220237
2539615
581720
2411233
1676821
1278293
602789
2640297
2249590
2281136
1537070
1883407
875473
1152277
2139774
762049
677845
501002
5333
1994641
1016833
241131
471553
1381608
1038521
557080
447599
1171575
214290
689466
897816
1076190
1638391
2331865
862421
2097429
1868763
2354787
1579205
674086
457117
2261841
1902032
1254761
2161880
1416569
473028
1954166
531469
32145
535582
1265355
79509
2383759
1039764
2035719
1039351
106031
1601745
57678
144621
27018
309682
625146
1479959
976594
379966
1934748
2343856
1617290
319512
554509
1712683
112872
2214886
1258177
1398354
2091855
1998599
183189
760435
132527
2469395
114093
818634
47212
2364327
113994
533064
2031820
1806457
613601
1821347
2416135
195522
1475443
2641599
1615054
1979996
488896
55780
747231
2144488
430697
794412
939111
1267228
1249205
195163
2067990
1353494
34537
1669842
330179
2350097
1823243
151893
2213237
1354441
2425973
404494
1992720
1606287
1163765
317510
1496125
2091320
2318219
402832
1617775
416997
2611983
300765
373122
651516
1377004
1941232
1504040
1750820
2100508
734833
1105208
629080
1599893
686452
906200
2613682
1503346
220774
1819609
2341663
305580
2393363
1092493
774926
2298156
1293811
1463454
409791
1327703
689334
1875898
979226
562718
710576
332025
2360927
1438586
1286543
2236468
1648345
1516823
1813176
2472322
595708
195042
219758
1830094
2397548
24565
1086636
217621
77486
1984941
2120842
