1791:
2291749
681737
1792:
496476
2037102
721576
16355
1120580
115368
2565687
2180916
599880
2320892
1253619
1388989
1861186
2157218
571700
446706
57082
1641091
2333738
2330824
1385969
2397507
1437343
2363260
1638175
2154306
406841
1378909
1327357
2227637
411852
1087341
2439314
332681
1579286
1671377
1840549
1971069
1650616
1557206
418603
624048
2606510
829519
322723
2469480
2228193
1812900
2612564
1261875
1954337
41451
1930638
959289
2028633
2551960
1596634
1559741
2597456
1978867
2021814
1614297
1042086
174167
1793:
1985664
659061
206335
924687
2345895
279711
2424303
153687
1794:
2173590
429811
1940779
700548
1886928
1453124
816316
1080776
968736
776838
672009
961090
795380
1037924
474789
134594
816012
1312904
165524
1603629
2226510
1526205
1431667
1125250
1944420
1849516
431066
1363781
2032148
1641168
385282
1795:
613501
1045523
1425512
460328
1999090
1339618
108976
2121379
1056942
1345710
1227780
1542044
1382165
1371121
1610061
777167
242160
591870
1823935
191804
1017326
1662962
748007
767081
1689098
285153
1426664
740231
410709
1365198
241935
1743858
260644
2278662
1984177
1445536
1625190
607528
1778918
725862
1068965
653974
6368
808826
182317
1616500
2402791
2187189
844309
34392
869229
2139744
2586614
273822
345191
2461622
349118
830262
2149366
860105
2109190
1206450
761220
977415
1036278
928882
1810456
1507782
2471502
2306557
1296364
2007752
2265269
1568605
583492
292061
348648
583059
424470
692479
369800
497170
206122
2161468
2646892
1154579
1061057
1156513
343722
1959604
640323
835838
1888473
1690367
712879
1019359
2079646
1864311
2086007
2055488
87061
205408
939502
1479719
835147
2564513
703492
493363
1384935
550263
699937
2416712
837774
282489
5167
2544653
1396444
241267
2453096
1881543
1685677
1150107
1132315
1926534
1532207
700760
866984
2269742
1930757
1796:
1472476
1534941
33830
1530019
615406
2150217
384172
730234
583773
2201544
1493193
1720522
1528767
1785516
1141658
589596
1935365
1307341
1388123
823540
1797:
1436585
1660021
2535720
161143
2048347
2283789
1068080
1891028
419263
300005
655601
1644608
2153590
1798:
1357792
1674879
1132479
1861028
147869
1007670
676950
162544
2007822
164176
1407634
2511506
2510505
104354
1519205
1223510
1563878
539821
1310385
2332046
1855629
2034250
2016514
994483
2399039
713709
386185
2093040
1540450
662300
2000285
326981
1629352
634155
186811
1770506
2456198
2475168
529180
2576613
1610065
13691
143298
1583511
238715
1400183
1362971
1523280
683205
346249
105603
688206
1241554
2004343
1179474
630268
139261
427781
609837
2486425
2613617
1753773
2536470
2438064
740425
416411
1114405
2565747
2565833
2293187
1708152
125559
2212395
313714
2134758
1808576
2461314
1318200
568810
722425
43123
1114271
468572
1682254
2587887
1391839
2144075
2157465
181754
1541871
2599555
814604
2119104
2456186
713157
2445685
2263784
2156792
1827490
2411722
1265068
494417
1399440
1158424
2537339
1768022
384431
813091
179483
47846
2136328
736708
1812285
1043837
144602
629492
1640485
1257172
426929
789846
1897534
1973494
1221876
1838467
1579357
502560
429080
1266894
1350010
2309478
224417
1404612
183667
1485226
1946347
2353617
2572028
1541147
96560
2411403
42498
835803
2579855
1982109
1964826
1143692
2203502
867043
55372
805643
1239827
1229444
1231579
2318493
1176412
936729
679450
83143
1843733
1621569
35295
2386209
1895988
201346
232194
817917
1416301
1204431
626764
945969
1280209
1945328
2209049
853398
623076
2043901
2083729
521478
272309
1544167
561932
855143
1597559
2126209
1795748
755896
589685
703538
1556196
1412708
329712
924769
1412447
2477937
2296234
2036017
932048
2457147
336802
177328
2431568
923878
384217
2422557
2620346
2573670
383946
105672
308951
2214572
1553484
724714
1511478
1410931
1179735
1225805
2571274
75892
1247418
2644713
1925992
2534189
698281
1450408
2166860
2048469
1162813
2576190
2279909
623447
744799
2399342
758851
1126937
1917053
2267057
206840
2490185
1467885
446244
776352
1807829
2643392
1795365
89110
2067399
701227
2209391
806237
410312
1949573
336704
2464577
435982
2174674
1311752
1781502
1257943
1490879
1942918
350491
1497151
2158754
2500061
1532678
278350
553656
2155341
1972081
2126412
2444858
1374976
2458544
2019339
386620
32088
1636082
156946
642127
1518932
668661
2060943
930275
1061235
537861
1816893
1630217
839603
2586627
1598589
1491365
1050296
1428627
1621440
1834539
797766
799663
1429689
2443503
1242677
2509607
1174685
155154
581912
217784
158258
1459989
1471258
141649
1649071
1857976
1979444
2548139
1781622
1997439
2176846
318903
2012689
2343482
2617288
1524466
1496545
1502254
230412
2225292
2620085
1507636
1473656
2109917
2065795
293299
2211032
2202112
2472451
1206609
1282505
23934
1647007
1311522
1120860
520621
593410
719448
1768143
1622657
1369559
1158961
109175
1274030
57929
2636221
1097270
1236819
767993
1196089
2475801
1117765
170019
325466
2614145
833320
160062
163432
1253540
1301409
461876
1376037
1868740
1048341
1767664
2216515
287898
689271
192920
2124073
1602574
1707678
1493511
1193259
1146452
256654
822269
2543785
1433016
1938071
243324
2079925
2477150
696628
2004369
809973
1983079
1536875
706614
2300998
56252
821486
104798
2278117
486446
997894
1682011
1557159
1255410
1730749
318216
817662
1136989
2175920
2040751
722300
1996290
1233287
5834
606955
1712364
1928304
2126864
1823844
2489646
2416071
1551912
2271204
300639
2270085
551863
1268232
834597
2498039
1800882
1393062
785175
695852
2356221
789843
1173430
877738
199180
1168738
1071518
1833662
1770082
143634
837064
688094
2204631
1251127
225097
2002179
1593356
2287391
2025124
1187804
949999
2324335
2488577
212607
1557572
2355624
1781360
480990
2491863
2459582
1078304
64503
817998
673886
2024418
1629837
2095702
2298299
2626943
2633332
2515471
2041174
1951035
1385853
2206929
266508
2295851
2543575
1429975
1718251
782900
53538
1589023
284254
672579
223371
1877259
1689358
893800
892162
2188961
1400782
1099591
787929
2181320
336836
1406864
1253791
2632176
1231684
216204
1026631
1707140
1031471
2595753
3492
2339858
719179
951888
508990
66925
1959841
2217455
572772
2382572
2582764
2133043
922579
2385229
2228301
2438136
871910
2317192
2622090
635346
902139
1259846
731312
2190997
177533
1009589
1573512
1341959
2350969
1898068
1350163
2401900
1026705
254894
222424
1492447
2370045
2320771
518289
201568
1894547
1038785
1664925
1182975
1467398
1763923
2528136
927754
2359969
1218784
2481515
1877939
1859847
1294212
79123
1643142
948579
277581
398527
166729
2000089
541102
815156
136128
1860653
1749889
1933
1714423
1638102
1410772
1882621
2273082
2018363
1184468
360015
1852131
1980787
1382751
1762675
2291798
2294213
387962
1811136
732384
422144
1707789
659206
2439381
392153
2342376
220618
1971318
2261625
736709
394598
1284304
619327
1256151
1903651
1055367
2388917
771882
2514234
1906035
1226962
2041193
409066
704779
2603723
592246
1932806
2367994
1541443
1892435
1758624
1525827
1561118
2018773
1120317
551761
1345874
2262234
1609414
2463257
1939265
286673
612910
1394926
427613
215864
816957
804270
1038723
313671
2432481
957924
2085643
791478
2334115
2625059
2000418
442562
52961
2352709
2046606
1129562
1884536
1123913
29969
353281
2275373
1156824
1839161
1818959
1169648
1082995
256212
1489493
1211466
2280857
932006
1142746
1854813
2475457
2177320
1744393
977381
1508813
1567478
1107566
737645
931331
2137373
2242226
2289899
394360
574512
344024
1791315
2139666
375101
92165
1899249
1684247
1854885
1591579
139017
1300094
1005932
1384524
1128782
1058394
995763
2335274
2516747
1779002
1077687
1193924
671901
1468620
469730
1470398
83239
1210814
331073
2102623
22401
2537288
147247
338101
12457
654806
1829322
1472581
1764028
766022
577158
2519569
1613073
253271
1441178
2497533
2211386
1931401
1379802
186202
940432
585055
681412
620345
2057882
2135398
1736898
1000351
2351778
2050654
2442783
718047
1014262
575607
582036
518281
2524894
1797987
1677872
2625684
1539878
1078089
154973
1561055
2193641
1890536
1465617
1621616
2176917
1397053
1951221
2160526
788116
2574603
1265628
2047700
2171498
2115601
2245068
2605060
2063377
2192560
18972
337930
2034671
2434322
1924310
783042
2134296
1910996
2367286
1140919
47368
1095646
1255358
2611662
1963275
230660
1183964
1325557
232160
1922508
2493955
1700912
1150941
1122136
631261
1082963
449144
2474389
2454305
2302845
2177475
573875
1309670
1657663
2413569
1691355
2323553
1047138
2415404
732563
1834613
2215892
1250641
1278490
311539
2622695
761115
629671
1022049
2487869
1588033
1681528
391748
1077067
729987
719863
462667
534972
339634
2644809
324838
2501608
2195032
1232980
1186943
280209
2643235
332742
1424302
2274436
2096385
905368
2389003
239940
1618239
342348
2210849
1747376
2542232
1219404
743240
2529476
1565235
2301373
847572
1915048
615872
1226763
2386970
477520
969515
44146
2402834
2582714
618311
2475926
855444
2039146
19909
2409401
1629257
1986624
807385
358785
2443684
599762
2407497
2499061
2509758
1135905
633222
1868456
977401
2058276
1382802
1049733
372735
974795
126122
1591622
717684
2614642
225797
9340
1277674
2299385
1795938
1024752
1994599
2202353
1086087
579424
2019087
644262
908585
344666
2443868
427091
957241
623575
150569
1660930
2334985
1858597
1981551
603732
930515
258496
767295
1027713
790577
2182825
1013893
500873
2054396
1438687
942739
1361311
79437
53746
307989
1318547
1705903
1703702
1204894
1840522
2272662
1127903
947224
2460120
1600105
1779586
1413193
790107
449041
2604773
1842816
107084
270978
1523246
1982941
1064273
261708
44832
489274
321652
2306369
2176595
419452
2066370
581465
2405766
10495
1241834
2420139
717309
410435
1117975
381991
1501079
377430
1361334
1298731
2030862
1613494
168599
127396
2488671
2543295
2253739
710240
539543
1000236
1491148
160267
106165
2016618
1270163
1842297
1301562
1894162
781665
1419915
1931994
2364061
2506926
1516706
143330
2235508
951816
508389
1460645
2039799
1550299
1292275
1242954
332647
1152265
253671
493791
1598732
744169
1701687
1508273
1047710
80440
1271372
1523305
336673
2410749
1766626
2108476
502496
2405423
902691
2359518
2495460
734565
1391941
2340397
20781
1169620
940441
1296311
1085493
2096753
2384931
2515950
212523
1418466
1095654
369210
2177786
1776826
1264795
1488508
2527461
1213808
2390358
1762183
2475422
1202293
449625
1981360
2328781
1413036
1864595
2492840
1738175
766059
868195
579187
225222
1768908
1472945
380511
962920
478458
936531
385332
1953033
672526
1255054
2022219
1157784
904667
265252
2481506
1739010
918814
946544
2112626
2624869
946285
1792951
1497621
1373636
66493
2156924
2184047
907535
2056388
789337
338524
1483945
189843
377965
1655218
2280981
234650
1091075
1797491
719384
1309436
202254
1659031
2604639
2279595
1713673
1335314
30211
1450833
1076443
561341
1648201
1154406
2399487
1256924
2170361
812808
2617433
985653
934970
896179
662612
308326
2029779
1582432
826069
93000
1773484
2533260
431238
1870027
2270885
622261
881330
1674632
2480903
837922
2237649
1410844
859505
67996
1922434
2190511
1550143
2635022
994877
1042191
2399606
1566953
1568172
364136
56715
1678815
2370864
11176
1631505
684685
2427535
1915384
2536992
320253
1037363
117249
631346
99032
1057422
2006488
1852990
1657970
809661
779166
1175052
736121
1675717
233686
999652
89929
511969
2091153
1179711
768610
1353733
1567224
142742
603674
801435
1731023
1611047
172650
1787995
2158772
2219057
575099
1230657
307279
250271
1699964
2583294
971253
1914695
181367
2075414
771359
434163
1073154
809346
2177441
650905
59076
747123
2012110
1819410
2505245
1401315
2023121
1567307
117752
1234395
2416370
861267
1389987
1756454
2302711
311053
977203
340900
1923474
1184342
1334187
253151
1648628
1597888
1018331
428010
2102011
1454590
222310
255395
427275
546608
168482
1669741
2526319
1916089
247231
1849661
835701
2212213
690961
1657347
2502933
451454
402511
765581
1223432
987145
950204
1439702
2109751
2345176
1799805
1601700
849101
1631725
1899725
1579181
2569360
2311908
1627451
1370925
749735
1773988
814505
714684
2478331
2515142
766151
2641401
662269
2273687
1625425
1946807
2524974
808540
68976
1527909
1798808
2150216
1620366
479282
889070
2181709
1367065
722720
2643169
858205
1721652
2332361
1687747
1306594
638252
2619244
551012
2634726
2132293
1356095
1831336
1779038
1574439
777991
954655
2640023
2645855
1411893
1317642
1470862
1028186
170474
1277908
416122
1057461
1132205
1516273
2036634
1177840
1198340
1944392
2454065
2158903
443535
1892103
37004
1744699
388529
407438
2221183
1468473
2294583
1469428
1956892
2006226
1635083
2531036
2112180
1252076
1692916
1686251
1463377
1266799
1296432
754986
397732
2151025
651066
32439
1198637
1796571
1799871
1895254
2029258
353517
751636
1232450
910146
1072951
435937
1070063
2419311
2053823
1782321
1154390
1234734
1297665
2346039
1031418
1732184
2176537
790541
2581789
1667900
1565312
35373
1217570
2249592
800479
1188446
793597
1764100
1401016
171493
2643218
984504
2472075
1153680
2626022
746551
2577201
2399581
2208738
2470111
460286
1443608
1095617
223785
1830301
2008045
2493477
1944491
340369
1154128
673341
1021952
1369424
360960
2625747
1398940
1450864
1448796
2190193
1618812
1057941
1929283
1589222
2073393
208345
1740522
1071761
2341538
769641
224811
1884480
2473083
2594285
1261260
1664091
679510
134046
144164
1147072
2431539
704625
2308718
1874564
1517019
672604
2595323
1401538
2213487
972146
2174067
17924
434290
2455711
2015670
1343807
2534358
2478910
1804787
264982
1237588
1648225
996831
62215
1691550
1610594
226171
1535420
694423
2359713
1603734
2298506
1277607
832272
2547381
124383
2223872
2435495
1262507
1082341
1421434
533023
840606
2030275
1106187
2234354
1694036
1599914
584746
1121853
1310991
1350167
172808
2496947
363060
1750794
2381848
90899
2170610
1293112
2422856
372965
1643071
841463
810579
1231187
660547
1132264
800263
1155535
1543789
1748508
1285156
1900838
2015613
188427
2003190
582642
125766
951162
2489191
2167556
1351317
2474219
1564587
739077
653774
897188
2336500
2188991
1088760
455114
2192261
2607843
356034
1599383
2208487
2377570
2604293
2017581
1145232
1152292
1621534
61070
1066047
1787567