10002:
1450941
2581993
10004:
1737087
1270334
1262711
1903515
2140798
2479158
2161335
1291600
1936582
1257912
1186407
590598
1704823
273497
129495
956464
1648424
10008:
1813636
2048630
1492860
1687570
1122917
1885441
10010:
1462925
52050
650466
2224061
815731
154626
531384
696688
1088633
681503
186927
2374977
10013:
2503691
843201
2271154
1346139
124014
1501028
225422
295833
844777
973206
2246803
2360499
1153049
1454544
1018789
1150421
2045002
1379641
291407
2229322
2177405
1529676
1714052
649457
451510
1544885
110412
1894679
1006623
467438
952735
348279
1923760
397753
10014:
1626179
1359761
723484
839609
10015:
975179
933118
164480
613439
484575
1320821
2056853
770517
1514136
988835
1172474
1213571
588400
10020:
922636
2138373
431122
1077653
776126
722639
1252652
1751559
705246
1064752
2308022
945481
2035232
1011906
908968
10027:
401511
2354884
2620148
2414149
1050405
408479
97178
329172
307876
825069
163607
2106623
2611092
916375
764479
2308597
2092389
174668
672519
2568396
2015359
2163080
1967313
2577872
1608374
425537
1658682
1744450
527270
712624
1955071
402519
58130
919670
1606382
1637481
644233
1766599
2032781
2609268
1561126
10028:
1986255
1527666
1522640
440956
10042:
86062
1200637
501007
640618
2075263
1852416
433300
1824896
927805
799952
1628424
442949
214174
821426
2222492
2289165
1693660
1177074
1207292
864349
1073838
1729740
2184817
367549
1311522
1158233
1786012
235364
2011360
1219488
1081209
355734
1554383
918917
1361045
1349810
1678227
2147040
2000309
157714
1785115
1667218
1983122
2113817
1019547
826291
224519
2178014
966437
2426972
559674
2635311
1303129
2429347
825911
2365447
1077278
1849693
1856770
1195825
1489868
977299
1681172
428062
602626
7766
2427774
1605305
392602
1408842
1546331
571530
1411717
2060760
1255980
1406374
1124097
183462
2158577
1115357
1950649
1055743
759913
2176148
1900271
2561288
2450398
340411
2420556
2602447
510657
1555238
2338393
2034961
1016514
1464896
3521
1427855
480507
605806
1582589
126913
1501345
2162935
1249250
1931370
2063559
1594234
1521559
1302357
1570293
1236841
793065
52189
972752
2523359
1625264
1053673
2588945
1933557
1624788
780973
1823605
2522864
109760
2136527
208264
2228961
1743516
569551
2198877
2244219
1808448
1036933
1648727
1493909
763919
113283
2103203
573087
1268644
1818373
639330
2444942
276644
1595082
2306124
2172898
2132469
312508
671859
2270326
1039740
411152
2249254
664256
1995060
1082955
116977
1097029
1543693
2623937
931718
1116457
1661807
2166373
1519036
973661
551679
2346483
42318
1867253
1619493
2344760
1486764
2304981
292258
1420468
2573652
2162543
429190
1818401
138064
1882731
823838
2174770
533720
2224280
2206144
1857745
1093116
295633
1585818
1846238
1891654
1371746
1874942
2088365
1084427
118538
1538823
1529511
1149851
1381957
1316391
1968900
22601
2448196
1442411
1926334
1298111
312211
2340041
2426516
2354891
1842969
2138553
2562504
896747
1965448
256499
1526753
1322407
181582
1349128
66894
10044
2246937
372787
1095830
1913378
1166011
2458049
1382836
800145
508727
1937981
222333
1624040
2378211
1663338
1443724
2519453
732802
2320873
822956
19534
601966
2016115
2484300
1221673
2174615
1329179
2610750
427637
1531823
2609002
1941232
2583938
1647980
1593278
2198713
1665375
1605801
1739377
425953
2328661
624733
83805
2073663
2380160
1005584
319250
1034379
460540
2517184
1783909
764659
102451
306130
2481821
1650395
200147
989696
1219200
2384176
2465985
1472853
2436848
792857
409621
1747641
1825107
2319476
1229941
1889550
836219
886780
839344
2014151
1212380
1937443
1557284
537147
1113423
622634
1964770
292526
745471
2089117
1882574
151106
2551673
365214
136368
2642466
989629
1182445
1450570
1047833
2644973
2056003
2626093
2499841
767701
695747
101137
597245
844638
241785
2457361
2165664
2340925
452955
2004273
1013608
1501998
1094319
2077649
1520122
1703700
2646469
2383161
1658366
318829
2138445
545822
1331750
1966789
1139081
2253265
860927
79447
187518
120454
1185359
1033612
702625
2029954
723613
2342652
323838
1947574
1667322
1206394
645655
2293172
670517
2547289
1118042
1729693
987437
1209681
1702328
1353383
2012677
1133449
68197
127851
2410691
2407792
2395730
514932
1313601
830599
1817991
1083261
2430768
1241598
1323857
1271387
1391737
2076144
376617
150344
485811
1438395
896185
1855318
1568122
1749501
1748093
2202995
47541
2093714
2154522
909921
792199
1749443
1063941
1055707
1012788
2394417
10048:
1590947
1367805
449591
1741802
2350428
10053:
2498427
1603364
2245155
754005
1518947
921472
512984
1782074
2205732
780136
1765813
1976224
172291
1189934
1418575
959717
404156
22415
398215
700467
2058077
1897417
654696
1716430
1180971
2324556
165745
1544780
814070
2399472
210420
1740017
675886
10054:
1287459
1203103
1496895
692590
240181
1502856
10055:
858554
404922
703706
2166546
1372898
512484
285157
310249
1228362
240779
692943
1485728
1070295
2456770
846505
205561
2077906
1406565
2027693
1748906
2187995
224795
84218
2634044
211664
1180237
841012
1899671
1189087
615643
1282499
874755
1637265
689610
2277087
1734783
286483
10057:
287967
1594434
969182
1099833
1006:
1004708
762076
1513947
2611526
632767
1640206
1160227
1211238
286282
2558726
1923690
135797
2497555
1875322
10061:
2603559
129921
1435041
72207
42623
324903
752507
2220920
2175791
2582764
492993
476591
2614221
703594
2038901
1024554
747877
1273677
1074848
2306379
1541288
2439237
1209609
1630054
510701
656005
551375
1985140
1527380
1075798
1479888
957170
2648730
786197
1387446
281344
1699740
1996245
840306
1458042
475676
1265308
1944582
1643042
690106
2618313
1225857
310904
446258
1291484
800563
2488811
416453
1689758
1890329
1302622
457445
2105045
2248232
2326969
1919294
1247398
1339354
1178380
139255
1575209
175935
1202577
2439077
914484
2266201
1576126
2108469
306431
251179
592924
2615067
10062:
1084001
995737
10064:
66853
2242375
867948
10066:
1544919
1712360
964645
1943448
1007:
95090
468346
84508
2202141
2383688
10072:
1721684
747395
1541854
2149025
803093
2091440
2640363
2227829
184077
1543077
512410
2247429
1185627
1168032
272211
1603497
1563172
539873
82243
1015971
2446058
1957036
2550829
686487
786404
2523066
781293
265463
2046509
1084225
63275
1695902
2202369
2011431
598595
2424941
10073:
855860
770122
166603
1027050
1754430
844651
285476
1762872
10074:
2008983
1606342
1056823
1810386
2535562
10077:
1707924
748800
454612
454878
302198
57012
600141
835474
1334873
598940
10078:
2620220
582862
2116134
1312224
1348849
2239070
1363161
1369154
1066271
1464365
407828
1799269
1467880
1423199
1337074
1782462
1845829
2525160
1165562
618603
994077
227703
1052469
1348754
1763857
376221
19641
2371095
650898
2598367
666447
856134
2282989
1458894
1138491
1616870
373574
1885426
682566
1430590
2372527
2640070
1358401
560480
1980603
1661357
1477859
1364173
213865
5668
1611752
903214
853058
1980398
1600968
1839639
2612992
329442
2278778
1166444
2267987
2503319
2341546
2057116
2372644
1794406
542683
279187
189661
2501330
10079:
917805
999532
2154688
210481
1352799
44620
104258
2050996
1184502
1631358
1612760
2117566
10082:
67679
2105693
1484526
1088027
2015749
1137317
830280
1241315
382161
1250282
1340743
1673125
1580477
918917
2288573
2469232
604571
285477
242417
1593823
2340881
1471629
1519355
2287563
616307
1204667
174767
263799
1821403
286846
2399876
1323351
19289
748360
167693
2324454
1852311
957591
1335502
42380
1633578
1810822
219406
1926993
2384501
1419417
2467784
258474
2531296
606276
647538
236634
1983066
1987742
1390906
762412
2629402
900180
1802819
872853
76625
455711
2290292
1692450
1896934
562069
684907
51142
183252
1106681
2578354
117115
1401071
344377
270931
1517718
1462097
512722
2158566
1911726
53303
2332377
2262588
834700
425075
2545151
2169111
1224354
1822864
1513647
1551815
1291346
1898663
1789040
2501042
2146322
2487763
331721
788801
938836
492287
1315801
1625671
2507690
1778612
984538
2522709
2239148
1986676
2467598
1213996
1217445
1517952
10084:
405427
1756658
872398
2271220
1415218
1422520
1260180
752731
745565
2152889
897881
63053
227494
1575511
884500
299926
720958
1184111
2614696
1915438
2451959
396526
2251346
1447720
10086:
959126
10088:
1308505
1563881
158563
1048939
527634
2631668
1888501
1714428
992679
1789926
2326499
1113228
1913235
1050731
1003143
1826689
1559911
2576676
2393759
1995832
1865751
1457462
2335450
2594473
2181764
1875632
846574
2092301
1265878
453270
161964
2438141
474247
278223
349217
843016
76207
2484805
1192843
708785
2596315
1525552
2395053
2404849
272222
748801
121271
1463092
652297
1079413
2531020
2070536
741463
595799
1410211
2269323
2125714
809684
692230
879475
359345
788441
1088013
624468
1381014
1009:
771276
10098:
97745
1259636
1037808
1791296
853788
10099:
2455256
2519214
2635437
2337346
1962908
159847
80947
1010:
1146212
10100:
2324555
2360507
1105663
1842677
1721751
1233297
695070
2143367
10103:
1590111
1320926
474648
1952473
142244
2148425
98179
221857
2412881
1404024
2018034
1099506
511613
1521539
567266
2573624
1056041
2102677
598548
2562020
395246
1783614
1461717
1637962
1235320
2314380
282654
2539573
132998
384788
532586
1969364
474454
455922
1698636
2057973
10104:
579875
10107:
1767208
1179784
1461767
406122
936167
740582
1387987
1011:
2082617
2246439
1222245
531398
1375578
1005940
415580
2599883
2624550
2238103
1297249
1878679
1163892
346909
100482
916792
1911308
2000801
796610
1361441
2582004
542320
947748
1248428
874797
2036051
2057066
2054810
1658868
2306170
1620114
2448252
1387073
2340852
2180019
504834
1282292
1093671
1588745
536484
402854
2028180
1686921
471143
1832861
96836
1947280
2185278
2588966
1996893
300296
1778011
1533353
1712055
677509
2144810
1126499
2226361
2010309
306009
65094
983572
899284
1738725
765159
2011398
2002709
456680
10112:
2155716
485943
473137
1774121
1575903
2258395
675374
2372566
1339156
2566834
38941
10114:
44317
320814
2098867
2184469
101930
862854
114753
1117215
1941914
2210298
61863
89601
970031
1077894
1204074
2605440
483303
565860
2495342
1451702
854420
1746869
2001128
2045247
965722
2032836
213279
1148579
1328230
2494663
2309181
2446062
1881265
987352
462621
1271369
2432650
467817
1662935
1230225
2433552
2213414
344868
2630990
84369
2393246
1773421
1425555
1116402
1684238
2194062
251863
1687122
383844
2288878
1235184
2587365
1444509
2087336
2582883
2207294
201495
2222539
2298592
471658
2237329
1703029
2495649
1545709
2026641
2555718
1669786
1271567
1962074
1672587
2207438
2610877
123541
1748273
1537586
1303790
1117923
881000
487045
2181557
1427673
1447864
758392
633010
187299
834314
490027
1563196
1859144
2604659
2459559
570444
48260
2533773
1157331
751003
2428563
1223905
521391
445968
2056290
1833981
1319603
1558491
126990
549730
2568245
2467539
1485134
78266
1650427
285339
1693700
784578
160871
2147056
1199783
1691507
2541196
596586
656516
984933
2270065
1067366
807288
1147093
297629
1293345
1353717
1065369
1838993
770544
2387786
1679805
591656
2469606
2183204
1015228
2265259
2383754
14175
1801696
662491
128735
2078187
2580383
849818
978754
570022
1280276
1409804
1912781
320972
1814534
1888656
2232970
178623
392761
860467
1977333
1674797
2211795
1727872
292591
1206512
1004257
9290
344936
715493
2548936
234295
53322
204392
2182104
2379403
2517523
653397
1546049
2589653
1196988
1474838
1893990
1620799
344480
725961
2573916
210209
960558
1031136
991188
2404201
304409
2472275
254008
1689072
2458367
158986
106697
1545335
1621282
423283
455923
542985
924221
603624
1593211
219143
433316
438572
2645100
2141881
201694
385250
1260142
205901
42839
1698040
1346254
499527
1018592
792157
1124753
1100308
2002421
1072273
1986627
2236382
2281987
864611
821837
1402913
809575
2248097
892020
2524489
2017865
440091
2126899
2335220
1359153
1789341
2048294
1736710
2603767
1825746
1531190
2235525
691604
384003
2144458
1113886
219387
1143550
66027
1154435
759671
1548048
1342852
1279445
985416
60385
2287769
763065
1445634
719881
1592285
1937340
450095
855140
1234795
1523063
1194794
1154872
1936585
59186
925306
1397262
2066732
1989527
485105
684387
1544909
438763
1918397
751550
1939409
1931621
816114
2274341
182154
951858
1287432
1258841
10115:
425908
918233
1012:
1614555
1048963
701770
808135
2617555
832147
1136754
1616406
1516404
755098
2254096
2407893
1727111
1393380
1729350
2647328
2270260
1946037
2529439
393655
1763923
1240708
2020414
129418
1306112
1084888
746296
1161373
2571299
806734
1244564
2319554
1960291
33553
1518868
2495933
1995527
435108
1064053
1029352
2510628
1102032
822855
764330
1920133
2096260
1813553
965481
1180349
529734
364749
1563277
676373
548631
911537
1794635
1128920
1495156
722683
1938931
1229707
982514
104978
2310575
1587730
480094
2196604
1861754
202536
1953937
227370
474091
1681077
2615472
2258199
1209296
214266
2243031
1263021
1776262
1192069
953851
1200485
2481257
1651650
473947
965756
1860383
2458745
396378
1081758
113142
407146
835025
45365
1770701
670409
2336875
196738
1625874
1229998
1178389
1838378
1807503
1442032
640323
2497650
2583960
2401021
1425869
2452947
718153
2456889
2632371
718537
1998078
215347
2251835
741248
407905
1904406
2207087
2098933
533018
465432
476034
2455151
65094
1013389
13996
2063801
1732656
2326623
870754
211702
1231887
1587838
2380731
1251689
2087521
182824
132803
494946
1454502
628539
2290023
548304
10124:
256860
114018
1189991
1814005
235095
1147039
553063
1287017
1407723
2020781
1114962
709085
277631
2477638
2098983
2066808
10127:
131871
2134678
10129:
731890
501313
10130:
1750296
333302
1691233
1630769
1952672
1292906
1123804
537553
2145411
1268114
586835
2494367
1455472
1242367
707521
2297858
790011
3323
1816849
1515331
638299
795414
1285310
1697784
279632
979116
2182574
3344
736567
851078
1991827
833859
1934537
732232
177530
1856714
2621426
1807800
528575
784007
100924
217858
802260
1331572
956644
1498503
2236382
1063400
91374
585356
2514686
1360504
704681
2226416
208920
2221420
1318465
547253
1460718
20941
2518796
1959466
10131:
529624
819546
548935
2600777
526193
10135:
1375234
512284
2024858
1455355
833441
10136:
34872
1125980
1450431
10140:
356893
1351463
220144
1225818
2109739
1971494
2166365
991452
1084457
1796166
1895817
854835
2118885
1749173
2290272
273573
490872
2002898
