12200:
2175037
2314914
2478512
2253782
1077668
126192
792337
2047391
2357868
269279
1657660
1786513
824815
2543677
1172733
1382928
927371
4504
1837705
1996002
1328902
1827872
144894
655067
880981
773532
12201:
883478
1039915
1992962
290306
2262777
1531733
827694
2234691
2103448
12202:
31909
2539962
2464133
1186401
405259
1790478
12205:
1989922
12206:
122933
1742575
928071
1855804
2469802
1947501
2283737
549997
351559
1810344
198587
3918:
2514716
890227
3919:
1357533
1867081
237655
1168243
516127
1903442
2336825
65058
2041325
2435187
745936
843061
711755
392:
1782010
1590500
2141281
2345001
310137
3920:
195774
498369
2514569
498362
122786
2269208
1730090
354610
1467856
2400425
2305818
2334475
923703
1467147
661522
1768901
1954313
2013338
980453
1020229
486778
1719959
395829
516819
376063
2491788
2397663
1436860
466916
1363879
1992631
702106
1611366
2417778
346836
719755
775710
2554684
358217
7748
918309
2550208
539323
221654
1664492
1811070
1387388
526043
2449260
1236932
226343
583094
975339
462014
1184272
756544
802404
2374916
22226
1396231
1667442
931503
1349711
399971
1777226
2295785
2201507
823411
431979
312735
241635
3963:
1788346
264378
1218145
3964:
1739447
1113102
962806
3965:
1186746
1535240
1925564
1425541
2647871
363735
1990874
1066534
326269
1434609
2529596
2579306
30153
828725
1499620
626496
2288702
552739
1085644
1646781
1982767
1706195
2582767
1729031
2629210
1167438
1808621
2208512
348183
505141
888393
652618
2552905
1919885
294466
954301
1787649
1604707
2171824
442221
1235215
1138990
1422725
48360
384015
3966:
2084443
265381
1268551
767012
989218
1006228
1387426
2221670
1324157
262316
601427
2396511
2605357
2332156
2044111
970794
244771
2120087
1175930
316235
9126:
274308
712067
9127:
1238111
2586139
1919964
279682
945209
9128:
895893
2098992
1149756
907739
1739389
2634530
493269
2010211
1997808
1363951
19487
1819382
1599561
486340
823838
881049
1259587
2269827
6669
1561310
186149
1930757
9129:
2446962
1925564
1684955
1297955
2640143
320901
1168748
1681981
2344669
49082
2560321
496699
310354
2192318
884420
1029943
253692
1541796
1834683
2256157
822859
2219006
1931131
466594
1285065
2359123
1807803
464930
2378914
395872
1966527
2322809
1530803
892989
2163220
1520494
1518948
1660345
2078484
1701535
2474452
1177716
1859951
1850866
354418
1275033
598256
2605702
242616
985995
612074
331712
1618405
2396089
11447:
2188944
232951
1895997
2135600
11448:
1052810
1481187
1195321
11449:
1773066
2499019
660307
1145:
1625755
706360
1959979
2009353
1132479
1587157
2169570
221898
764081
13888:
1273752
1287868
1220542
13889:
1314045
225324
937175
897853
1604680
1174950
1813497
266614
1389:
1641461
327483
646551
1711022
1960412
247909
1289281
1176462
400803
1139518
1276353
258914
1970726
448466
2306336
2119014
2567140
556594
2360423
1085879
86781
2162106
2233771
703042
1704944
1240418
979016
725984
2276819
1515518
586370
875991
1497323
245773
2102253
12842
814884
1878780
179682
2537879
13890:
1742707
827121
1048763
2013891
1878332
800983
1745354
1117996
875209
13891:
878111
1819434
1639430
13892:
1755404
798777
2415204
1326724
902539
7209:
2018769
131534
566927
25826
1473033
182806
2001259
2429306
857150
175405
425647
268263
1406255
1943903
2369031
1305931
1210267
1286292
2130539
1747479
721:
1523973
421062
2417957
1407325
2018015
784295
973812
1123488
538347
880251
485932
12840
2163220
2645322
308312
210279
1217063
2381943
230810
1975716
2195271
7210:
1553742
451362
2554252
10482:
406689
1296878
1658466
1555660
563174
2451968
1172720
1769869
235338
1092919
657811
514101
129250
1218374
2407453
1762479
366992
1718779
348850
2239073
10483:
615711
39024
1353286
1619648
10484:
551623
665195
619939
10485:
63149
1998856
2585812
662177
695238
989243
1860642
1430656
916047
10486:
1155253
1698546
1923814
2611240
1375272
2352536
242686
638978
697835
1314979
1413347
2287739
115821
1674428
1955796
2345385
2140376
1984318
1504595
10487:
15294
1566182
752952
1420029
1652112
9850:
1595014
1549294
2001284
287880
9851:
2024211
202667
983538
814483
1549716
106256
960889
2098035
1652344
1584301
9852:
684754
2307943
1596904
2571382
835117
625163
2252851
1381494
891523
1919795
2222346
1515930
1507535
2206961
270036
636852
2105779
1922527
1999508
9853:
887405
431098
2636226
9854:
2385553
9855:
578621
813734
1889508
1519725
15923:
1884748
1739213
15924:
384050
1141423
1414590
385118
597183
673157
711501
2506830
15926:
2553812
1881808
1881260
15927:
2193803
31571
209223
625742
1918316
314933
2358265
2187027
1914159
1255365
2220002
206243
2025883
476107
1589284
1952339
1668036
2607354
177156
1301675
1709037
1390621
1397400
2474839
1583704
2258540
222982
1739591
2595834
240750
1351373
2135719
645547
1504628
1772042
15928:
2515563
492253
872655
1391943
1833347
1233762
15929:
995860
972103
463912
1466320
1840024
2607256
542298
419764
1979407
1536419
2628776
1573898
55687
669401
234949
1269163
1999786
701358
1096154
877341
605057
541384
929477
5773
1221266
356544
1974035
2297986
578191
1437407
978773
1995953
1783988
1593:
2398831
14060:
1295693
1986678
898304
1331299
171884
1888450
2273977
851342
1544444
2576753
1312828
1671322
2186942
1492778
189023
223639
2558041
1262889
1011591
2023763
1122571
2473345
2623095
1287368
13070:
328779
268288
13071:
500385
13072:
452159
1873674
702108
2053378
2395159
1076140
2266038
1992967
1130264
13073:
1886847
2602351
2096445
70356
780324
1129293
1782657
3861:
37309
1522180
164016
1498947
3862:
1332360
1496267
790065
1871241
88535
1160505
479376
2277654
874505
333061
2648898
1919648
89738
1365259
813625
1779988
1908879
1456277
640871
1413494
2432176
2442232
844455
761631
465778
2350086
2052413
2105791
826238
361151
2252651
2483979
1827782
2642289
2212731
107714
539189
851852
1284195
2412557
62214
3863:
1588919
1666084
744857
1880115
1704473
472432
2404653
2080766
2180610
2576254
1943773
1391148
2316187
2552062
2049350
1705397
39953
2113596
4570:
1451334
2293919
229572
204666
622584
667473
1407913
1273525
1825229
1404513
319119
873352
872398
658170
455430
2339763
501428
1152124
759025
65841
1390925
2415470
2539522
1812871
1825378
1784150
2554963
1467492
1037838
1539680
315915
1363195
2308722
1400782
1949807
1081447
961310
628464
1466404
708928
1180038
1337704
2036989
197018
408563
1250673
1799:
2296008
1183569
311853
2473869
2034250
1967098
185150
2045147
311511
1415836
785372
2456198
475876
439821
283369
1054992
1203767
2385745
1438605
2190793
7897:
2362678
985268
106933
7898:
1660874
2334298
395037
1117953
965013
2571382
2126599
2089521
1041832
1512480
902931
50784
1654200
218310
1406051
677804
414136
2621645
1489960
2570:
1967068
1457029
347481
2356919
2570122
1325749
2571:
1201498
544665
2099330
1812775
2572:
2630241
2012320
1316959
743701
1853167
2394038
2488939
1006424
2314385
1221626
1971789
1154831
968619
40236
754230
224584
997586
2549152
1368915
1649716
760857
1039900
775312
1902332
1902354
916129
1220334
1837290
1548646
871230
385353
1723463
1816748
447881
1211200
633094
1777405
1903123
41546
1895819
959179
1264549
347717
139606
520055
1480901
888806
1780301
1570089
1854273
524095
1535810
2628858
2260447
2334909
2205088
49828
551791
1618466
2166592
2116762
1720969
538201
2323930
2116158
1608172
127403
2174894
1808568
527821
1177408
2165614
10730:
1016219
2259400
238407
165889
1344969
2159395
1209312
735061
2502999
1340229
1422254
529722
602864
1990696
552183
1381323
2560880
388825
419541
1837853
1499088
490038
166355
750150
348585
1556209
1249387
704073
2539852
2428951
2070621
1598087
1660478
1316388
2368492
1126697
1062931
2457841
654694
2028448
636682
1476092
1301339
663526
1134287
1692161
452690
1452957
266935
1352510
812934
2162228
2358106
1277198
1393775
1027043
1318218
522744
2586495
2234127
262257
2351138
2177930
1570353
2562071
950299
1521954
458537
1912031
1877299
1785904
2580152
1106982
920597
2254551
305301
535453
439953
1091259
1408308
1700555
660110
1674351
2270133
2356792
1287712
1635988
2370987
1246328
