10824:
2142029
113222
2034341
27155
2070572
1084929
2347140
1612010
2167069
901553
10825:
2032427
1286604
2494633
533339
216591
484266
946526
288901
2280881
2021686
1426346
45292
1696594
1499620
2018137
552739
9557
1062213
577019
2208512
2048149
2223520
2235420
2065699
2553655
1362770
1202537
224873
2527932
471530
2287170
378466
124440
2618139
2295235
1007203
83594
10826:
1047552
2363928
2488947
1487833
2367065
10827:
1109700
27351
1947413
2272742
809680
2404164
864256
172599
594385
903092
10828:
786759
979626
2235716
164608
2432651
1103114
74223
1827572
2155186
36059
887939
839182
1682580
309304
805087
621425
1555444
950095
1952182
10794
2385555
581235
421794
404701
1059489
2488386
289096
1555461
2337417
691295
1647640
1109489
164618
694729
1652825
2001792
2348562
1649925
1232039
1595112
294908
277073
2193849
1966849
574714
2176499
762679
428856
1072499
2273188
200797
412682
637733
668676
2331292
294018
537040
1819285
135586
653945
954217
2639279
2109064
247942
2521571
1525469
168047
445003
587883
1053758
2627461
782305
2529179
1376810
398518
2415768
1861985
1760712
1672858
273814
8828
1499890
841861
641716
1280553
2178302
1440301
95596
2191114
1964883
452501
284449
1090891
530474
1089528
1624505
1953285
981632
1455396
2428854
1853299
2362837
806807
1991522
2096567
2227634
559947
1385084
479291
968747
2554192
2223744
31192
289511
1055979
2313335
1101768
2364551
1874582
2327556
1579476
2053378
1264903
2490847
503830
792337
77239
469874
2235803
1299598
698205
2603166
787977
2624734
749586
1546085
1008402
1824460
1818170
1246869
768724
469524
1345520
2557578
1861755
1608442
1786570
1830930
459189
301028
1253109
1976306
1362518
977724
804125
446118
372806
2599768
954050
2081387
397291
2264259
2558347
632446
440050
1633378
847949
1612606
2370089
1414778
715783
2353507
1320258
1276144
1564241
2089238
1043729
1044571
2174195
1628854
1790174
1125260
1486551
21251
1746144
1752532
745985
95651
919298
2622351
707103
1561705
1924708
2130638
428381
529415
2459434
1357216
997702
1815419
1389631
1861601
1048061
2090903
438023
647965
554591
1256482
1425873
610071
705824
901999
644323
640445
2585166
1814061
1029283
2281150
171313
2322337
2416525
2264722
1358567
61554
2258699
192277
1020688
2304311
1869770
34910
44974
1549056
2185259
1568165
246926
1874621
1430667
525206
2063282
1350912
2285970
1744763
411318
532318
960266
617475
2580101
901530
2305805
1315790
2003612
2361242
376092
714477
2082777
98301
1829853
2511987
943096
988553
1493114
1196674
1402559
947348
697889
2381956
1800093
106499
812148
1336172
1671124
740679
940375
934300
290906
2242731
1479287
2207144
1882157
7070
1232016
808019
782294
2338466
2421201
1308607
1597798
1447877
410921
2526276
2376324
2080841
2068387
99939
2237123
2185936
458842
497059
925298
1543486
2089848
2257029
2021160
310510
2563020
2059521
2017834
1138739
1787280
2535562
1915014
2113831
297737
544329
388791
1249238
2561391
1074278
2530128
1490189
119157
2371817
1170376
1760127
1808434
1079408
11583
2483627
2308277
1206022
498151
2376770
1307902
2210743
500381
2631129
790782
1276133
1668612
158355
10829:
359195
1099104
199797
2015507
1855109
1078816
1414298
30283
2013639
2587689
1456087
647916
1083:
2402053
10830:
2142915
2508191
1078514
557214
1227795
2422266
1711022
108896
479195
1730160
376346
2250645
962384
160711
1298377
1326792
56794
350786
2219681
176944
674818
1342495
39135
2530101
2637746
2280048
967273
865657
1900368
2155181
2435240
1222377
1652116
2351006
1344785
254242
817242
1684572
132333
1361091
1642678
184041
1136682
798893
71964
913566
1155660
158
1013256
2333084
1564195
1220989
75761
1459577
1014819
417907
1593337
2082738
1278390
2364883
1063950
1402978
812819
317134
1944947
2040894
1163579
1471077
860751
299365
972602
241237
1069900
1225246
2536690
421743
2153590
1386157
2153439
2329681
437784
2151634
2609772
494966
748317
2296193
611713
590593
1140561
2502539
1212990
1451007
2161804
861227
1965846
1932227
2642382
843417
877101
2079608
1162805
1471104
2468891
1081198
1984540
311611
1582404
10831:
2157060
10832:
1165450
971255
502101
1176140
116582
1080876
960865
160677
516797
2573670
787416
949006
1343617
953801
1746380
1037838
2104818
663549
2434195
2498909
1722453
2500458
823649
2043466
197717
1861496
2319733
1642600
2319076
1639825
1796439
1826989
1383345
790931
238981
1409430
655005
716209
420829
924910
1957030
1129831
2421668
1363838
889574
211368
506056
1552691
1035358
1470271
1581831
478470
1801313
1095262
2258242
1272243
512820
1799794
1981020
194388
759300
134450
2389643
163733
6785
1263318
1925327
1820435
1472433
914784
2545809
1720402
920697
2531244
971682
38048
1704666
1905352
1405256
495723
2227637
1975384
1568682
1919154
1215530
2076955
553175
1461906
881975
589988
227373
1627400
1449509
328559
2169402
2470601
173493
1323147
652416
349457
1436768
324498
577752
1247096
1781430
2063085
2247189
1555558
614830
2541911
1788077
1933648
1775645
149778
2005220
2422201
451840
2608024
2345756
2273100
2185307
1036445
767696
938764
1799107
40506
1634649
482495
494002
1270165
2400559
335399
2121578
1625871
1830366
15104
1524079
2248534
383775
2518352
2315007
2359752
1195495
96074
266147
831431
1718981
2355270
585104
64081
868306
878789
2535363
1963533
153610
1545377
2561616
1541516
310712
2539743
1616631
1103763
1201294
194650
1089756
505723
1828115
2168622
1450893
1733183
10833:
2156245
703790
2131303
1598707
1038077
2326200
371272
2479450
1268483
2054303
668068
1203992
1823782
1678638
575981
1290688
1436015
2115762
111977
1878120
1332251
10834:
304406
650827
567673
2155097
1343137
867381
10835:
2105852
720976
66263
922602
1653714
1492381
390013
2035900
1125832
247994
811093
1548143
1503026
2632219
1727651
2306956
1749604
535448
1580859
1647835
21652
306382
1922017
2556140
1432650
2417245
1155351
2557808
553202
1785867
2480536
1497505
1133367
957344
1671085
1767265
2566702
736192
1093362
2432296
936420
497508
1021449
462464
25313
1439058
1111291
83687
174265
185567
145062
2016115
1373417
558600
1403126
1714390
2580700
2406185
1010572
1699381
1984120
1702551
211209
1421790
819880
1256978
2356278
1825415
1332017
1681370
717539
2482554
1351637
1882325
1725705
2047510
2534650
959785
976730
2387905
917714
2153116
1586801
1477083
1793972
1265683
35881
980564
1145939
2612449
407016
1793512
582829
1908566
518137
2552963
1035159
2387953
1672756
1829062
2539500
552293
2070820
277016
722936
611724
1362976
970253
2172759
1065921
10836:
1529299
2276842
56723
612846
98810
631041
1637835
577708
1332847
2226671
395674
1636741
2197372
10837:
2044720
103811
1535620
1626733
1693700
347276
145062
502472
1357033
1086688
1726348
215554
1806931
10838:
850625
669100
2449637
2509283
1084:
1479010
893926
1830096
385926
431646
2455625
1414572
2502454
2112862
49204
968912
2539735
1335251
2199922
850327
2341119
2386558
1575566
677407
88276
2320915
1146802
1616498
132489
2331403
1844344
2033435
22415
1682104
2158461
362008
396888
1701392
735952
1368151
847440
2446358
1600480
1030266
585417
1772839
10840:
2455625
1166971
407101
417418
1229752
2490784
264774
2284571
1802277
10841:
2174660
1817216
486255
1954885
111823
1068821
121832
884203
1797960
1699794
1538341
2159414
1703631
911778
1398748
2529152
10842:
65597
2474604
2242389
908626
10844:
1174910
2533182
1188211
980992
2144004
1224753
1249663
2491810
1195895
1797745
10845:
1507627
839036
379899
10846:
1988319
328386
1108335
1546293
2494663
2162472
1874343
246361
2624265
1544261
716712
2126446
404724
1674114
44278
1686261
1369487
2270529
143367
2008644
11985
2588979
2123404
1940564
37349
198238
1020314
621869
574947
2128632
2161626
10847:
1389312
859329
2393840
491074
398055
2329883
1363161
2430802
1138123
511641
45596
1133854
1079227
2282967
398593
710154
1960339
1693830
2302855
1697384
1839810
2115801
369120
2222511
529461
862885
441196
505199
1323771
1671671
922572
1989989
1497323
1164348
1744403
411703
1750806
302809
1370941
652976
10848:
1658224
2426888
226910
2621804
445013
1890981
2378764
10849:
2494075
335030
1943479
1085:
940349
2034048
284829
47512
255966
449926
1256013
171601
873750
1949228
552517
1455188
2462965
313570
495252
2082840
2154700
67271
369295
868882
1826320
2487211
791523
751643
10850:
627313
10851:
1050707
1359601
2477968
1428965
806277
256189
43429
2221646
1848428
259145
1900307
2424317
152244
2011807
1104450
1663343
114662
2221448
2118663
1703866
514376
1924675
454494
2296292
1063243
2063478
1977496
488835
1726551
2556523
2454300
617493
1918794
2043673
594547
2157639
2277203
621813
966471
10852:
1397870
1512138
2473875
1380043
919435
479996
1007004
714971
708457
889420
459805
2170943
2177425
2536318
905884
2141552
1682705
663992
1023928
2203485
1726757
384336
949132
1071482
2459120
1212518
1894049
1082481
162522
715173
467392
596355
2275672
732445
2160476
2437275
2367779
942246
2495788
1948542
1543663
2003446
591739
2580087
1110848
2503730
1591759
1790276
2055400
1178711
431681
101263
949430
1303598
2228878
1127468
2038535
349436
2405050
692070
1497539
2445099
731773
1609229
2355086
1299617
2385848
2032917
1767870
542862
1723777
2585815
322723
1625990
2014576
2327814
1836387
1620620
599175
1501193
1063353
757253
1805874
492506
1001431
119226
5655
1079380
2166949
2077384
1232012
2496396
2328199
1036846
10853:
632708
2183754
2549909
1229353
1590385
444283
71093
1102000
2623863
616068
2425306
1532992
1766246
1357868
2550251
581311
216925
1121736
934923
544832
1215381
1427734
1407884
1094374
1331232
691588
2520454
2105294
10854:
613501
1954024
1912665
1005112
850820
602425
181877
1238414
441153
575207
620682
1029270
985388
754135
510505
391869
1359727
198977
2572003
797334
1191312
1661673
160732
629719
1298304
1633238
1560202
2140725
856833
2831
335499
1809434
1411444
363933
2436103
91990
1396046
2139880
1883721
320854
2536362
2212777
2298052
2534306
2421701
2209951
1367610
2196084
164800
342695
2068728
781507
2196012
2346172
1141744
1631124
2316233
500629
923494
22575
386671
1878832
1006071
2150434
846740
1971128
1830936
1095420
261019
1842820
768949
1916616
2357729
376100
334322
986956
39809
2578440
22560
578513
2197243
1378386
1461425
2648730
720687
1339357
2343047
1200359
1281639
2310373
1409157
2490240
10906
2256891
2528143
2363785
1469959
2142141
1202889
2263931
40487
2445315
374138
1512198
105086
1066863
2526257
730997
2279851
862891
1830361
939299
1314263
845369
1053217
553759
1418734
1950613
2058902
255879
734328
1770708
1599161
2150155
861581
262036
594555
735007
418825
586421
427821
1227734
753060
2064220
663974
1120209
164804
1816535
955982
475475
2574990
574072
2274584
410792
2215545
1706886
424633
1392952
220664
182095
2346328
2251130
331946
2212534
1434734
2613283
1609462
2322109
216875
2099428
2280062
209339
1675138
1528132
1093766
1622170
1247195
1974229
90154
2648781
1012561
372066
2532737
677804
1633320
515281
1447005
255992
766670
715810
2390823
2562397
679390
1523362
1225521
2373208
10564
636983
371507
2338834
1865997
2097516
905130
2159151
1962939
658352
1861095
2467372
1833897
2239155
2588420
2607299
204883
1332894
1580139
1750752
196448
2260470
1715603
1171206
1402231
565542
2222004
2639252
1082065
2159169
1651897
1412084
1232722
2186857
104105
828704
969998
1279961
569313
326512
1134623
2446717
1232862
1283034
1607300
1162720
1270469
142423
2402955
10855:
678918
676781
10856:
1491307
903688
2351928
1965538
1011927
23140
579197
1000365
10857:
1396583
102409
2157162
309645
1348398
174857
1275300
955741
539615
497652
