3826:
588436
550836
1350497
829290
2461314
446047
1335578
1945007
1767303
2288574
250472
1113218
1309958
1173712
1814632
1304831
2000940
2300806
1206067
2521098
283604
719418
477406
357482
904697
1255399
1801155
1233885
2587117
580112
241909
468165
240265
2533401
1225733
1583678
17860
2540106
973022
2625962
2552521
2550658
1965487
2133996
43766
419779
1429913
1086135
501210
2568309
1925081
1301223
880432
465309
13076
284674
1681503
946689
1054174
425918
1714092
1068350
1225857
1337994
1712926
2402860
1413756
592316
2636813
195792
325923
2348496
1997656
769305
1608954
1039901
2230245
373624
1845131
2519993
212846
840980
237892
2623860
1464891
769288
2110198
2068318
1270987
1514961
362631
2052728
1969255
1370556
457643
806743
2238663
1798320
450006
1153380
1042338
1857041
1416406
232153
637943
405979
783337
1741749
1997779
888283
997098
676103
334132
1685745
626118
1610652
1982448
2415194
1587577
1841692
775070
2352982
1960775
720738
2453588
3827:
2561387
840901
1822751
1402480
2434545
1156346
1806235
2081129
464075
2221981
208760
3828:
1022839
1343194
1761255
2083692
1097748
413969
400782
688657
897734
1763064
1246853
1033179
752590
1943830
1935230
1042087
2238450
236564
1191044
85824
948641
1125671
1216103
1085610
2120249
1555872
1076693
2544463
648887
1485214
1748800
1057389
527987
772444
2115615
875926
2225256
468219
814526
2504733
1206439
1460718
1656071
135764
1927813
2581367
1822783
3829:
1068095
1967365
1491107
383:
1582647
1936078
531125
2101238
2337971
3830:
1172298
732556
1537396
828132
1311928
277892
2210375
404887
1168051
37051
917484
1823592
1212371
1725138
1122358
1802044
192508
1946157
1664465
996172
3831:
25080
1812657
1310339
558877
2236125
3833:
332230
1872345
1481873
1039068
10015:
975179
829739
1732761
2162539
933118
467156
164480
613439
1312973
1769664
2477285
484575
2602717
1320821
1236649
705793
1395812
2056853
770517
1514136
988835
1172474
1213571
1801332
1623337
588400
2378764
2405069
10016:
1751359
234929
1759349
1604433
1003759
10017:
2280428
1129341
1377724
10018:
305767
2316945
2173031
676747
354053
2119257
2282361
1670793
1960248
73918
1516345
1236649
1403470
913554
647979
404170
2487526
502190
801510
2126132
1652905
828150
1634975
324441
1569186
905901
1435115
1140656
423065
178629
10019:
22036
1126085
487154
261890
204512
2350988
943653
1725053
1967016
2042897
513351
467597
475394
610785
1191387
2597191
289045
1466477
1970876
1259566
2049251
2535358
1041111
67095
1989902
1796655
1772740
2356037
884657
1367415
1394476
1137339
658929
518974
1568346
371346
1207852
719156
1151159
1882122
1340177
306688
2455675
1750548
2145783
1191324
389917
505579
814902
245527
1462807
459444
1591721
1214125
398395
2093048
1933736
1274113
1994982
258371
378543
1703266
2250647
2085688
2391227
2380848
1116868
2157768
1306541
1002:
2174660
1685301
2030264
1419286
2520929
2035568
1288929
1680156
1858104
988266
2633719
156594
1384253
1417842
10020:
922636
1967058
1949297
1562927
2138373
431122
1077653
167248
776126
722639
2341725
1252652
251807
1751559
2398282
705246
47787
1064752
2308022
2414321
945481
1854443
2035232
951643
2381070
1011906
908968
10021:
2366406
1033592
249998
1205724
10022:
510391
268014
2511719
661571
1824779
2178013
2104013
1829777
10023:
1429287
1321374
2563028
679315
1363076
982889
2107604
2286495
1756370
2317624
2548120
10024:
2059382
1210053
1654205
2027932
311377
2161379
1611053
516686
2529292
2248946
10025:
1791064
10027:
401511
2354884
1951605
1609548
2620148
37748
2414149
748800
1050405
408479
2361485
97178
329172
307876
812384
1619494
978638
825069
2472069
1837559
1549473
163607
932638
2106623
2611092
2602187
2310492
916375
1591556
2389108
1422109
764479
1945345
2308597
2092389
2505218
1973874
174668
672519
2568396
2015359
2228062
202876
2163080
2422758
536155
1179516
1503954
1967313
2577872
2327767
1169517
2269919
1608374
425537
1658682
669364
2057570
564258
1744450
527270
1656050
2420503
767061
1200899
712624
1955071
347886
1229916
1825013
402519
523629
58130
1155332
685923
2605052
865625
919670
1606382
1637481
644233
2011133
2055639
1766599
2032781
2609268
1561126
572440
10028:
1986255
1312610
1527666
1606775
1649392
1522640
440956
10029:
2293890
1141552
1823836
2551226
10031:
548690
2518265
1575474
2203195
1578801
2614194
1224756
2157060
1528644
10032:
2329101
569745
640080
177766
1949239
624145
709091
2104131
688765
1390809
336400
1268066
470044
1791554
1920755
2317575
2488926
1212320
996425
123345
799400
824189
650940
1573281
910244
1547411
2222535
2458016
83110
1274574
1587304
2214218
677039
1903221
1879733
662218
1563172
1724551
775034
884907
2174325
739713
1169824
61009
319516
750365
1819621
10033:
1989027
1227591
1810636
1335621
1001590
1207661
1401075
2403799
791223
639727
1957988
1762834
1381789
334033
10034:
2107088
69088
10035:
1651047
811486
2112205
2070135
2148631
2212430
822400
49255
801884
1303306
2268521
929407
2172403
282064
1985000
88318
1408280
2440091
1813810
1727192
10036:
2105693
842613
2557615
2125051
397569
2636037
2063030
2159553
1531624
437680
2091752
10071
472432
215393
1324372
2619107
1904442
646572
1970420
2461533
1880905
10044:
1443524
2179335
1641999
1084367
414171
1618140
2562136
2502874
2625427
2604177
1286332
136596
1643730
2605544
830051
2241622
421029
2202698
2053887
2399246
1453293
939013
182269
1213190
386568
1000554
123376
351076
2555414
380257
1777484
682084
1718433
346450
939871
569506
566918
1272486
406024
181502
2068190
728029
1302219
1696090
755723
471880
993472
1787938
36621
1293932
1974509
866430
2199443
1241337
2118726
177357
817664
595421
1110479
1279567
1563452
624343
325889
537600
10045:
2314434
10046:
1178866
803423
2506142
10047:
205729
827378
711436
1636386
193212
346924
1951856
743660
10048:
1590947
1367805
449591
1293456
1741802
2350428
1295702
10049:
1430873
555892
2082280
1005:
188792
239493
532649
172948
1375320
2262661
499648
1992424
2520684
202738
776836
786246
1492104
10050:
578168
498400
2540580
443256
763359
1619179
10051:
1992514
1444088
1181854
2640987
1637718
99993
2068042
2263492
42667
2183823
333589
1044758
2528820
1834032
974174
1296599
1595090
2096722
526154
1403360
2146083
10052:
256656
1205948
1748906
2018103
2597320
10053:
2498427
1424098
2346412
1603364
2245155
374663
417525
754005
474325
1518947
2181455
921472
512984
2641058
1782074
2205732
780136
1569985
2640042
1765813
1976224
652469
1712565
1521838
1808452
172291
1111395
1189934
1418575
959717
2070471
1731330
2455012
404156
22415
2155274
2018196
398215
700467
307168
2058077
1897417
884498
502067
1988672
2329133
2593690
654696
1615992
1716430
1180971
2324556
165745
1544780
1500196
814070
553335
1144699
2399472
210420
1740017
793327
2165004
194837
1447450
1234282
2170999
675886
10054:
1287459
2106757
1495930
1203103
1496895
656104
1123422
692590
240181
1728861
1501314
1502856
10055:
858554
404922
333277
2160155
218872
1096960
1916237
703706
2166546
1608757
1372898
2595083
476167
512484
285157
310249
1893955
1628517
394546
1199142
1228362
980738
240779
692943
320564
1485728
1070295
2046048
1755262
2619777
1950879
2456770
1475698
846505
205561
2077906
499003
1406565
2027693
1748906
2187995
700728
712778
2017966
224795
84218
2306758
1732558
2634044
244325
211664
1180237
578782
782382
841012
77954
1899671
116627
1189087
615643
1282499
874755
1430847
1175852
1637265
1842846
689610
452961
677023
2277087
1734783
1722344
286483
385653
232833
1724468
1500082
1050712
305836
10056:
1787873
1616351
935806
559484
1124592
2622415
1036019
10057:
287967
2030226
1602132
1594434
969182
1099833
10058:
1300105
2626413
10059:
962754
1006:
1004708
762076
1403722
1902516
2406158
2435695
1513947
2611526
632767
1640206
2036565
1160227
1248774
569435
1211238
1876964
286282
2558726
1406311
2385508
847471
1099321
1923690
2464105
135797
2497555
1191009
1875322
2328673
1679271
10060:
2205605
2487299
1224482
1885736
198094
521705
2473355
1539568
201780
10061:
2603559
1547800
2151013
129921
2351046
1880166
435536
1435041
72207
42623
2069538
324903
2437043
752507
2220920
1615526
2175791
2582764
492993
711675
476591
2614221
703594
2038901
2116224
1024554
747877
1273677
1232745
2259598
1074848
2306379
1541288
880471
2439237
2579439
1209609
1692688
1630054
510701
2004259
656005
551375
2374914
2344963
1985140
1837979
201896
1527380
1075798
1479888
723135
2091526
160936
391575
957170
939013
783252
1028975
1406976
784955
2648730
576600
2362194
786197
289009
770031
2103468
1387446
281344
2416451
1975589
1699740
1994755
2000674
1996245
546402
840306
1378509
848998
1458042
1305099
475676
1265308
1690831
1175356
1944582
447137
1643042
690106
804129
56515
1649714
177156
2618313
1225857
310904
446258
1291484
800563
2488811
673306
416453
2294599
1689758
1435512
1890583
1748322
1890329
219756
932993
1235827
91829
1302622
1589143
141483
457445
2105045
2248232
2326969
909041
1919294
1542307
1247398
2460414
1827197
1339354
1178380
2601942
2582123
139255
1575209
2267054
175935
1202577
2439077
914484
458842
1167614
2266201
2490543
1576126
2108469
306431
251179
592924
2615067
2000525
2587620
599094
461348
10062:
1084001
995737
10063:
2646124
1059193
2498639
2232100
846288
1891279
326040
2220804
1147138
477002
278598
1085817
1989258
1227162
10064:
66853
2242375
867948
10065:
2644587
1866984
311779
1022903
2245995
2030254
443483
848170
1615808
2543696
1973962
379292
1693955
337701
2489253
937678
2139616
517128
2150901
2092667
650570
1345167
2317837
1708462
1484075
2043181
579834
501340
210750
904331
1009543
1573062
704521
624813
1777165
1257571
10066:
1544919
1712360
964645
608114
1943448
10067:
1747200
212759
1678519
1025440
2400195
2331378
1715415
10068:
2169183
1200359
1477194
1861603
1516386
2217808
10069:
2140139
1555169
562543
1007:
95090
468346
84508
2202141
2383688
10070:
1611581
2116105
2126134
10071:
2278157
2608100
653321
461910
2509839
993168
347785
199585
968059
2469183
703853
945346
2199353
210214
2409797
314571
1816577
2284829