10151:
1115434
834164
1961844
708900
125102
701960
2435449
240694
682261
1754486
1524684
1739634
10152:
1436244
1696734
1607542
228118
1155251
1211197
1427500
2605003
2479793
401931
1150425
1310231
1025223
2046530
266192
2165042
941442
759087
723108
1293233
1251065
1286550
2235206
2608072
1135980
1781982
1766838
2549079
819904
1462927
1512711
1337731
2425364
1846783
1014703
968602
1569218
38399
1062707
289523
187512
2093862
2529839
930552
122223
1312055
1494000
2403043
235727
1995906
1808190
1549355
2584793
2049613
1351564
2097983
1907573
129054
1734363
2357970
584967
1745057
680554
1575191
108667
1603965
2179371
1790410
2381822
1876563
1971505
1480219
925038
977820
1883307
1179725
2157897
1392847
1774562
2202698
572591
477115
62874
2510298
209573
2373873
1520304
792411
1223905
932789
942322
1624847
232287
1861248
1157182
96449
844023
1032951
893206
2024344
2069007
305895
64990
1573863
2067003
1882989
505251
1136263
1386910
253932
386878
524702
1682831
92195
501105
1830190
663471
846994
2120373
2371667
1552059
2061643
2649388
101447
1702220
68617
1394375
1134154
800355
2563768
69644
1145606
1934271
879382
246714
1341358
2590604
560490
132137
509180
448744
909688
2152290
1808776
489830
513971
1357138
1545082
411556
180399
1097621
2419885
18376
1917699
209886
1368060
608300
721220
2269973
1056356
1817706
151947
139303
663848
2645201
2322058
1762651
655399
1854102
1972185
1384461
774855
198489
1342285
547256
874400
1279905
2402847
1608540
13969
2178953
1587269
2526931
351002
2628374
1878190
2625506
210497
1995242
210453
781582
1414221
2167387
1040739
1701171
82659
1753287
607093
1662131
2221533
2287896
1092898
2365188
496016
1634512
1769638
687178
1921316
415530
2089988
1362341
2397915
2438132
1615998
571221
2417485
257242
2229348
1421657
746973
2092557
1137408
78373
1578405
2303820
1511568
347558
2576063
1127800
420765
1085779
586017
75296
2252810
1171321
1029722
650350
1987254
2629166
872645
1702973
2485319
519547
181451
2164271
789149
224637
2066845
2144572
1322572
213734
2558345
575411
2546815
840853
75436
2118965
1378119
725469
2272979
984864
2455326
10153:
369338
1322489
2244488
2018900
870353
22953
733934
1167696
1508831
2213837
998178
780777
2142146
1900959
773038
67004
1345998
1826290
681163
10154:
1040892
2387551
253971
2368281
666546
10155:
1209955
717136
1623353
2229591
367288
2037182
2416460
638772
1197209
2470544
2230062
1798798
129710
2365043
793998
378995
464061
894009
628309
2631062
2020599
2156349
1812529
1913770
1207160
1873080
1604357
2520359
1555416
1251022
2349519
1952142
70777
245516
1471593
2374326
2525243
1983113
2074685
984664
2551603
598848
1149736
317877
953749
103555
1720220
1759895
10156:
2382099
474730
1855166
2426850
601435
1045799
1036694
867470
1503303
2210909
729591
2464585
2403033
2334388
10157:
2596225
2000188
2529845
405831
1148460
1579347
2616705
1962942
625312
583491
201290
704147
2351042
1365033
1169409
55780
2630768
83217
2209441
218783
2569890
2370736
2444277
1662471
799775
842969
1570179
703905
311377
748146
1421661
2511142
16983
2529081
820774
311745
10158:
2443212
1936779
205756
853020
2431405
1306271
1416370
2100882
272580
2432284
1344730
717564
793
189952
1164864
2124644
2368975
2257327
672161
1950540
1537128
258601
570435
1150465
49048
1300942
2643442
323292
926094
2581818
749650
893041
610397
22512
804970
900416
1385752
2356846
2152617
256059
1299846
847360
1965682
704601
290462
313786
13085
1215120
1893816
127949
2350700
2085945
65760
2547002
1580816
478367
1640947
1636198
368438
603306
951494
482357
164061
836438
1596806
870072
1326536
323908
2537818
1970794
924091
1987958
717881
1721666
1205960
1875571
1384348
1499302
944159
1899836
1381621
72894
151969
2628609
522428
1530576
744019
1657689
1790611
777825
1798481
1446168
2388932
2290570
997784
221233
256358
2076380
1546401
2436692
698998
1351864
151035
262279
409516
923575
57830
751226
2466568
1732584
84271
1036831
582887
1424273
2461559
662684
2632884
66569
2368684
1274863
412725
350444
504935
109440
1047651
1593822
1827462
10159:
652964
194426
1020403
1454357
200255
733291
1021517
1386345
442322
2161977
69809
285597
314635
884203
1562924
1149838
374742
1271757
1465806
434210
2069446
1881445
1323907
1042163
532406
291018
1842771
270212
578055
435549
1642330
1602927
633283
1779620
2336734
210386
1766858
1415648
462634
116058
2057272
1812311
1884518
1780916
1036280
181112
1931293
713470
634569
2295960
1663781
1016:
687304
10160:
1495561
1859181
10161:
909302
2291776
2411892
1293472
1663781
10162:
1530644
564138
2064763
476120
1943512
1122897
1380665
897496
1916244
1229795
830189
1457870
232719
2374613
1535959
1688477
802513
2572236
201798
1561999
1062707
1981223
1130533
1796246
1532475
207150
2562295
198609
2329593
2553254
2111373
2013204
1259115
2060176
2317874
2492282
2366939
1965691
1521657
1131878
1995006
1953459
1470036
2648609
1657842
1918304
968885
1666386
914078
1493728
344174
518154
1796175
1748546
2408213
1905830
1265624
57913
877605
405978
1372018
739744
812757
86145
1302747
1430603
373595
1213878
1360742
1757132
2469059
321093
1146664
884983
1797921
871546
2148414
1120104
2157145
1106447
774302
2102198
61189
1628219
1203360
619792
708895
627879
820587
859095
668493
2179183
324550
263222
422459
734090
198459
982694
1597348
983944
2089263
1988587
742696
2321890
1859749
2173286
276144
998373
2275906
2496796
1218850
1537967
2622943
2457110
1211638
972715
2366010
962325
1929568
1256697
1967396
2110627
2022983
593743
1397673
939516
2277646
2175815
762761
1232454
2325595
2336656
145020
2028539
384013
1286746
1457
1789077
650481
64200
551048
1056524
298679
287306
2251362
236642
1321690
1494115
150245
1853711
31823
1841716
845528
1794701
2557454
2293344
427350
2548776
1837378
661459
2344785
832362
591471
1125340
1400220
10163:
1833284
807393
10164:
453081
1676504
1035100
701116
2153610
2325797
1032518
2265816
1282734
1567384
1052157
2639603
1246714
383642
2094447
376012
179452
1596047
2364532
1948253
5827
10165:
53039
1412898
577232
2487423
2288257
1327829
1991854
2137354
1278477
1754999
1090274
2257680
1860468
537437
10166:
1493086
1527303
707803
250109
808219
754102
10167:
2270625
2150613
23425
10169:
644003
446060
1380478
973022
1778537
998669
1780408
2365237
1017:
2046562
1767188
2294397
275530
989268
499721
1288999
636203
1638945
1103080
1874777
62108
1470102
1731543
2460274
5977
504297
2155681
1134085
325844
2539942
1589357
1123210
2264111
260644
2384168
2538949
2556992
1243316
777400
198002
2265772
341778
1586811
1691554
2438263
2463816
2422758
2285967
815638
1197303
916290
309533
1747911
981654
1801483
1132605
1461818
2124539
5841
2610505
1102039
172630
2416016
2004877
2361222
1486688
1954637
2534715
2276002
924322
1486851
10679
1634201
1046647
859014
2404203
705636
526362
1228057
2244204
794525
568491
1203687
455231
1464712
474143
1044403
583086
579684
994711
350688
2120461
10170:
217870
824549
2002163
1237665
1474151
277481
2421812
155823
441096
1854800
2520473
1382909
991204
1927377
2454915
1213158
2103270
1020604
128802
468252
2060806
1708274
856317
1485748
176304
2072378
986996
1049196
1778526
2550400
683964
2640654
2030786
1368192
1915212
915608
569038
1608350
1582498
1256855
349000
1875951
521748
3613
138389
132213
726469
945662
599334
1516413
2088299
872451
1370023
1798250
754171
237855
49535
1298119
37441
2296486
940980
2160132
1464365
742350
123448
2165413
1034006
1995385
106012
2101372
1417471
1169745
2392634
2301892
620833
225521
998847
1659494
1706152
346628
943534
886565
2576893
1176210
1043565
2181542
1744669
2206750
1216256
1451693
612375
2555220
620197
446706
231314
1485279
1343807
1703802
297264
1163472
134620
1479562
770205
1538237
1743792
484107
1976169
1114511
1395619
1386253
2079618
2071861
293129
999984
274222
1653496
193883
194124
2368768
167645
425302
1489474
1259970
824800
2365671
1929393
1550752
2240821
1485322
2165215
1122240
1980506
935536
801876
2254432
2382980
758748
2252942
942920
2228018
2103911
1207916
1754571
1565853
1970763
2237014
1558343
2617959
2401351
2271387
686018
362125
1253176
34329
1387869
2115347
256268
2381433
1703219
1220685
603448
1833762
2147370
1242297
1434399
495388
1682047
2517987
902096
1788836
2075540
2385126
1625337
1965726
2415635
1640915
829594
1309836
502785
1789105
1319497
275826
1433698
174859
151192
2124508
569626
2099432
516034
496544
599009
121307
1915489
1564159
1120099
1727462
1712490
2261615
901137
2359500
719069
454636
1838837
1676161
1266624
1792089
2059052
1450701
2177458
1955397
1453093
2107094
1930556
2286269
2387207
918380
863994
198014
2468405
614261
2181900
1952802
1994539
2142114
947194
816733
805479
1254737
414621
377665
1682504
1322808
1912005
1990742
471444
205820
17946
1100658
1165900
1528132
1951742
673034
782217
1965366
2311702
1057263
1542182
2118721
1600241
342582
610430
671325
956786
847225
588120
637379
1730764
1795110
1169378
758829
1271705
45509
1783119
706971
2147785
448712
930537
1182168
2403195
210153
441388
2148638
2157343
549651
235175
862155
1372159
1148346
33131
2554265
1592931
1096055
749544
2047375
1067804
1310566
1890613
1899608
437038
2341546
760704
1975419
1661249
995772
1585726
1848816
2294274
2408343
1296263
58100
1462557
191301
1798570
1797007
218330
1516608
1775824
2090242
2055557
2531275
2278373
80667
1967316
2512003
