1:
30878
2647871
1283744
2488120
317050
10001:
262828
2609496
1474804
831991
267142
2305771
220050
1959883
27822
2570808
90355
2417258
264764
143866
766895
714089
2350428
10003:
1515111
10004:
1737087
1270334
1262711
1903515
2140798
2479158
2161335
2099522
1291600
2198877
2214717
1936582
84804
1257912
1263375
735147
1186407
350806
1141242
638738
590598
1704823
2238464
273497
2499539
2543444
119309
2540335
129495
956464
1648424
12798:
211138
484766
2063398
1198001
1328951
2334058
908591
66903
1914481
1566443
185443
1267065
1448856
377861
520685
820252
1666899
110042
1434021
1951023
568333
2309383
868550
1736217
53135
697962
174997
2337600
488790
705995
609556
1737735
716560
2135929
30218
527303
1955862
1992319
2255830
1026926
203925
1036678
809966
419107
39600
531199
1349452
293298
2623956
1285819
892184
2213675
290120
837288
87134
82375
128:
2388744
294908
1783277
1670076
1796794
2111569
1873152
1748308
1280:
757862
1810074
210618
1432476
790074
759440
675374
1858104
2557557
742026
613660
12800:
1525381
847897
970619
2594765
1134071
2265162
105325
1887774
2070082
12801:
609240
324372
1171240
12802:
96046
12803:
231517
1363841
46972
1236332
1724318
1299544
1181087
2272493
1573627
2161965
1340991
2616187
817440
2455842
812954
1974035
1340473
2118056
1381392
993376
1358724
1609379
2132683
500589
2347841
1719877
16114:
550367
2092509
1597295
84413
2073114
2207475
76444
625417
689917
2166814
1835511
16115:
1697063
1684238
682696
690045
2063663
2547958
2086167
1213139
1698320
1672766
16116:
164845
892966
16117:
1438600
2588645
16118:
232549
387426
1653714
269486
913746
1375808
632477
1795850
1364519
193772
960059
2186329
603091
1107800
1328172
866418
1279916
400233
2071343
2509106
1554822
1083476
1458606
1751109
584502
84306
199788
1224129
2110215
917498
2381226
974731
381607
261362
2389679
919436
2110202
2310496
1014476
579190
1615153
1143068
58708
2537640
1268673
785563
1396291
1412479
2165038
403825
1898697
2578244
2362866
637445
2097747
1566282
1870638
1993761
534123
2012286
2483446
513953
1530865
2478902
2419476
2124083
1000774
16287
77195
1678570
2270336
481237
2503852
2065317
2077036
1677481
410861
1054127
115038
768531
728172
1892237
306952
1578046
169229
1967089
1561873
1064352
751616
88654
2475951
141908
277016
1391635
289789
2105092
16119:
1395638
2160832
1978977
758939
1317059
959536
1970834
62215
1577661
2266535
1783812
1310303
1632591
1377596
799840
699901
2116823
2455558
1816372
1799371
170226
549652
1612:
1925564
1704384
2378418
315393
1737808
699716
16120:
1343998
438627
2317369
2522404
16121:
2432391
1386143
7521
406071
1365729
710502
1858056
890277
1731624
2474171
16122:
2373537
1904348
16123:
2527390
445152
16124:
1650641
1628891
1000181
2593292
2111603
159730
16125:
1681021
1757036
986049
2019047
1260252
1292948
538708
1174146
467073
1376602
1321173
1072766
1501537
16126:
427001
415052
1501959
772589
155548
16127:
2434239
563826
16128:
9960
2219472
266927
1989275
2569088
279376
237059
1947275
1186073
2367472
2262171
1612391
643243
2240577
1209401
2172596
195
1612502
1553973
1532401
2080001
2171988
961293
1064492
2426917
640950
2551647
2497896
2177391
2494435
1009182
877718
137859
2155687
2453861
901507
295813
2607892
550270
3530
879521
1552081
1654484
1481816
1462883
598155
2011475
929220
1306212
1385833
693770
2586626
1139625
1911801
1200542
509431
554859
494208
2346502
387801
1892063
1757382
1530920
2074490
811476
1488456
1280613
2640862
772134
1001642
1231018
1514980
2594473
168212
1117145
890509
1706116
210880
1891279
628923
547543
331735
2407266
1770885
402455
2038084
382068
1299762
2522614
1306339
2286830
2141716
2209031
1406103
852484
1447345
1022173
1530018
1068799
788900
1186965
1791713
1768786
584678
829372
1312732
52727
214938
108628
1746599
2255720
1226535
2048762
2885:
2578676
644677
1783202
1372994
28884
1675504
2339507
1529742
1664859
1612545
823962
972742
2617062
2306415
2886:
1219191
1335132
145664
2338593
1858700
2179759
857144
2887:
2289103
879909
2219254
127404
2888:
2547299
746420
1364926
873065
440841
527330
673043
884525
2560752
984472
2889:
2079291
1999655
896450
2165658
2036122
2478052
2281267
538854
2202354
354316
2383804
1539146
772512
1561238
2079661
447839
1657597
1898069
2127497
1476635
2504672
1015195
1842490
265915
405193
2078813
1963215
957642
614575
1078002
48508
1505785
519211
310918
1709851
1677009
1416580
1467936
630566
1479222
1950314
780027
2162124
982074
1658021
202980
2227446
2232963
1318908
1571619
1412712
1974229
2561843
669265
1365356
2515855
1377588
1442147
49529
728234
485501
753038
1424169
2211364
1677242
289:
2418289
420783
1389212
1469191
2563564
1215665
1281467
2426379
1215759
2217704
1265479
167100
107761
478667
792337
922171
166128
2265316
2491226
2088881
2167863
1998038
2617185
2416829
2490176
2290732
1955333
584295
974475
111827
129360
2444947
1863476
1560099
1058867
1937008
2420442
2199617
2381076
2325794
1571713
313622
1442211
2178203
1442190
872215
1198545
2267960
1842850
2094591
2907:
1521648
2301087
2119165
1655627
676587
2299619
840763
1530423
1932177
1424313
80198
2579406
2908:
586424
1502196
798841
639664
491623
1926776
1512373
1353216
1265312
2588487
1163821
1183223
2456542
2271364
2084626
56423
2509717
2204427
587721
242260
774596
393226
960950
1852578
1434210
765356
1062234
403236
29350
1219544
2559921
2137795
1480410
854293
747411
1699833
442924
571392
1331300
939582
2909:
711595
2464924
1501337
824281
2204590
291:
820576
2910:
422753
1520829
827537
2387442
2035212
311545
2394727
424315
1573916
184961
1932627
2541990
677690
388740
290583
2560245
748353
789278
2911:
2648853
2912:
1214416
1091218
1870173
2519335
171772
1000990
1372412
88280
491694
687521
2641151
1004261
1268644
1731578
747212
2281682
1542602
629301
562486
1005760
1689720
414405
1281853
2472692
1680783
2505006
1091871
276391
899436
74122
2438107
1195212
1623840
907940
2096142
2241994
1490451
305792
554811
1013760
1224003
2913:
1592157
2164674
2422178
42362
2377378
2551060
1700914
375269
245659
925220
1691737
1632825
2474705
1623549
1034358
1357960
2029121
1087781
2417090
2583857
2512044
2299199
656341
800053
1260068
2575380
1930438
672200
868399
350592
539735
366011
1310962
1275329
499448
867519
341429
1252421
27339
368551
2583426
1154784
838130
2411301
2609870
1283846
1792800
937434
2020408
1624659
1297321
1181231
2171528
898764
976596
217004
2559262
1622719
2382710
1782939
1511913
2025380
811040
1523280
2206294
2307787
794123
1091370
880414
415434
892157
2264666
91007
1174868
1146929
4034:
584513
4035:
314718
2423552
1619179
573980
1429169
1621793
79108
1693383
4036:
2330747
1900484
2489485
2614
4037:
1188048
2135101
2601111
2146076
180675
489869
2526913
1817878
2025284
1233239
1650808
134307
4038:
2368714
1041295
91120
1208997
2434592
4039:
1643517
2160456
440142
2307036
1677733
1309323
660072
404:
735560
1859363
1323788
2257890
407525
1323431
16603
562726
4040:
1753685
800367
2236314
857658
924839
1063429
2022272
2362934
2045603
1175205
478280
992181
298051
657181
1739551
349727
627810
438604
1942496
1109402
1220571
1951685
164912
1043673
2072685
1290555
2127842
407252
787981
2493358
1319183
2076358
343765
1223198
1280419
1681719
1934821
2381971
551499
1704015
1787777
1028999
1112280
2519264
1794972
2206458
1714037
2199548
413068
1089949
1828023
2376127
178
1170241
1947565
1587295
1395053
2021020
912686
1703631
710835
1667817
705902
468:
1822148
2581879
2540201
44176
1291393
532713
119716
2642308
1422597
949442
1875385
574906
264397
1179375
2348845
1649154
891924
1744996
2119306
752674
539261
819188
1977486
1436630
2530795
2438150
565236
2182214
2496636
298900
705304
1555742
1231855
2388841
900994
1842484
2577622
2173746
340091
1870867
874352
1180775
877260
596112
2574952
1341100
294517
599662
1026442
2576560
2298817
1100745
1126406
1919286
1470648
101035
964032
593670
205247
1504063
277425
411996
2128492
1871079
2491032
2503955
2292873
2441719
253809
1537189
1884882
876276
2159196
310770
2078728
833499
635331
624790
538214
2035900
1684939
1570876
440903
2130637
1024352
2571693
1166383
2532909
994768
1772043
1842957
921973
1263867
606392
1945441
621584
621895
148726
1613054
299288
1350344
1942266
1023229
565261
1529590
1354595
288840
1444335
2174131
901377
1874535
795199
288766
333091
2139240
2399037
1179894
497804
261212
129724
1075670
135962
156772
2174839
2162730
1083093
1816059
485801
1020606
1116562
1852312
1990885
2186528
1702069
1538941
1560035
735702
821616
1324591
8012
1615764
2062125
2406433
530587
1733586
60272
200927
2033395
937762
1379638
390033
1200864
300603
2384749
45908
135104
1871485
2543512
1433644
931954
1207348
1476613
1047150
1783620
849293
449552
1853382
1287553
2519538
2551426
425592
2337638
2353991
458829
1416825
1926434
1342965
445379
653862
1257900
793887
1560158
2333623
2327130
1851136
1755885
1896167
2471164
2267506
262608
2268631
827783
2241155
701195
2281124
1940545
1833188
406789
1173662
2208000
1525289
1560069
2117067
879105
2085864
2294388
2381043
2503089
1564770
133340
2197661
234687
984649
2436596
549305
301472
1481679
442695
1922603
2300245
980939
343454
621106
2524193
1195612
1998230
2407183
584069
1665827
231
1547807
746296
1485571
518475
1763131
1807653
1905942
1711285
1451648
716736
405316
428101
116348
1623681
479809
556654
84266
1106666
1001914
1323218
324392
2054480
760160
1663277
2450408
30250
824218
2428447
931439
107986
2368188
2336332
1943526
1692141
345793
656849
76779
1121129
701251
1773567
1792449
2414794
2356348
1655738
1838391
233045
1595421
733527
2404082
1745143
1101324
2475615
1591622
2533709
1470298
416643
1850615
161276
255900
432447
1230473
2148323
1956207
389290
1339363
1324484
771361
1981551
2322049
1255425
1941371
1085485
693615
329489
1967144
941087
419452
2394576
1906043
2184424
1903676
1204076
682612
1915548
143330
1940018
356652
495833
2494090
185209
1783249
405346
88891
1520281
1298319
1548179
1831619
834538
1535806
766202
1069962
169495
854134
2610205
2255072
1709349
11215
2108481
550798
88549
2122927
2010710
1981933
761570
518126
2531507
912621
188192
2078292
486846
2193272
1024823
2149561
892045
1706340
1152553
1869262
1741237
902509
1455999
576685
2057939
1899543
1762618
2185579
1907732
190741
918793
823379
716475
193139
1775303
1661523
305138
594841
2402848
1935353
348204
1584920
473001
988734
454103
1562666
1044095
1155870
2385258
2440923
732163
56619
767446
2353017
1155200
1390025
1593063
116433
2601205
2404739
284841
862324
361697
792860
1933646
1580842
15893
1046690
1824533
2000480
1571404
877758
373260
1814753
2466001
150421
1040691
885808
199863
55666
860549
1526011
2641401
1837979
1578827
385606
1807245
2587243
1096906
696709
141253
2348535
560755
1892103
2612814
1035893
1601685
562026
1698273
1127024
2154508
913788
262673
1651479
214507
103836
1148248
372507
1053886
1079028
838817
2600949
1100113
2095207
1503866
2381639
321188
1202248
1081920
14821
1893991
1937977
1398830
2567555
1357843
623164
638466
505988
925171
423997
589066
1708295
1161783
1387163
1546950
2292446
1740492
1447927
2073192
2493529
402523
2452247
1582647
2359967
2181211
2375606
1686279
721760
2588540
58490
95962
443274
2073093
1466120
621279
956318
395368
829241
647805
2505164
1130754
1152045
1915030
2477529
2586051
1502426
568:
1736476
2269827
2596056
5680:
1759328
826291
409216
2238152
394926
1794317
2052074
2589313
1516386
2255414
601094
896510
1835584
5681:
2141242
5683:
1124674
2162200
390067
2138332
359349
1133667
565821
2372574
1437433
421101
2372931
83246
93325
2532451
1120209
1683019
2143288
1643146
1031984
537637
1448505
521653
323155
239920
341028
356812
2477989
986006
5684:
1917980
935732
706832
1614328
2548434
745822
5685:
409249
5686:
1368751
2267577
907512
2343802
1642091
438240
2559471
369502
5687:
478149
551268
1930881
41867
2009618
5688:
173976
863347
1321505
198978
1893554
107761
2482003
1977316
2080176
5689:
62346
1259086
1637138
2491810
1603022
578191
569:
819379
1697482
1219073
1401656
762542
2143447
1094702
716874
802571
1105454
2111183
2165110
78691
1730016
1896610
1298197
2212841
1375430
1236351
1161897
2356004
1545368
742971
860331
2120245
428500
1337730
2497722
1761387
1099006
1304810
2218894