6126:
2259210
698046
2528892
6127:
449210
112952
720024
326461
75412
14851
1328942
132002
1239565
142399
1903900
477430
2497216
6128:
596648
2155673
365840
744823
6129:
1002226
887495
1746510
613:
2639948
993366
1649370
535868
2379310
808372
1908302
1859177
1082129
2306471
1814516
595799
1803222
706323
6130:
130489
1561857
6131:
599131
1946170
582087
651389
141965
1430920
232286
92416
2084509
165559
190945
1224365
152155
2491682
95006
1513481
628251
949455
863084
1448938
1994152
195105
320644
2590772
6132:
198393
570222
416074
2277177
945815
6133:
260525
2041452
157521
538483
1209985
2646742
1246792
907557
1814313
1016668
1602808
484407
682319
1298996
2570747
1564385
691070
2206915
283559
2611584
1903428
2070318
2294658
1982181
1037363
1069045
388469
5926
794904
1732585
2570169
427594
2175505
2186059
1402889
2618135
2616037
2641580
1262403
1602435
2278377
2350379
2488616
1012166
2641395
479866
651691
1028770
2566836
2017173
1563129
1904613
1573745
250078
899586
2486199
326524
319871
275171
1467176
1577461
62771
164394
675410
239585
2647153
1596362
682572
810384
2422780
430087
2183524
2372859
591852
1228646
1827206
890367
1441067
1695884
532621
2325537
1078374
1812420
2156368
621881
493852
827785
498171
1446581
1531391
2201902
1349495
1005842
2211902
1499061
184271
140319
6134:
669453
1028648
2390944
2617263
2446798
261048
388088
331653
1591836
1661657
256577
1183411
1429450
248279
2105852
2607881
1633111
2404284
2104820
215739
977568
44268
1754836
456133
1677658
2347939
2158537
1403723
1674392
2621600
2642212
1169924
1713660
1455867
702610
1791576
2314208
364764
1228341
2524345
967169
349770
666975
1493182
1776702
45052
215762
753418
2275534
2569080
2028533
2023250
1964818
2544197
320770
2328102
1051736
338670
2310345
980537
1104074
1720591
1324638
422536
339487
527073
1073540
2067518
1848434
350384
202483
544914
1024664
392146
2280965
1547664
190084
2555342
801927
2342441
173362
1335254
626537
338710
287169
583463
1747619
307476
1262216
1123641
497654
1716771
2426322
650241
255057
918202
1961071
2607193
348585
1389663
1108378
1837439
2291455
151572
1097840
93462
1221005
38432
1966190
59808
520388
88322
1110907
2126632
81812
1166453
2170348
655408
1866965
2130720
2328115
28030
2281691
2013616
411923
428803
1590340
2500407
1040122
133889
2065704
853958
2059820
1039986
2238503
534237
958807
1234714
856866
2297121
1880674
739839
102912
2268336
987339
2159196
2255842
377054
746037
810304
232497
2021959
710585
1965432
248547
2173758
640355
429783
540824
977187
2137026
2328117
1352063
2340309
429680
130687
888584
1289728
2026869
2320646
876314
199314
1585588
1254672
278318
960427
856825
1987856
1585855
925872
1283672
1011743
745617
942111
1050939
809109
2272120
2537822
505750
1136793
1905225
238043
477110
1106794
1769415
2012010
154295
2128824
351481
1558609
1682741
2191878
462414
767873
612789
909431
653321
622606
248608
664366
1372451
2340118
2577968
1162690
1196522
889804
927915
1736532
2361233
3354
1360762
512522
1458542
1977126
841259
2069538
2021466
1100265
454993
1511974
1326724
2154457
32601
2374887
244240
1599104
1150820
1788753
1721218
1968082
2585433
1527769
358298
646755
627508
614853
1005785
1593471
2513006
1094507
1623868
1784159
2364282
909783
1002783
2201292
840602
352388
2402822
2411477
1016453
390101
726454
1608204
1250055
1816805
2213050
405831
1780329
1119488
253037
25920
2488478
1694943
272835
2120952
173058
1731625
2433003
1579130
1701634
2238568
1399824
729499
1892636
660116
467533
1492017
602991
1704520
1716002
2635059
906742
808665
1465686
2020732
2603798
519629
789951
529315
2620416
1354567
241470
285081
1795569
584989
323841
2147040
1337492
443224
1848549
701628
153040
1389458
1059470
1267672
2030080
2219101
111235
1331175
1849079
439674
2001180
1850362
2398003
2366646
1965098
155048
883908
1566608
319235
1427660
1845130
603327
1725201
1076976
979576
1471409
2009627
554135
769885
1020871
1778725
2470813
1030631
1156462
1698620
65029
2512398
1449831
1571474
599553
1910525
1137431
2504304
1384942
1443822
1694297
270177
1582686
896455
1614578
1786221
2556986
1572303
928192
772312
803424
2024078
1070413
1429395
872447
773353
1316174
2427880
1518746
2337558
826291
1980645
2480718
21592
2125005
1815565
495334
2057398
1194833
1217509
201550
1896249
54039
323900
2057638
277595
703344
1686419
2061349
2506879
324799
2381004
1792805
2206043
307087
2069116
2433130
1851295
186069
811114
1640080
1442057
140097
829932
548416
1588401
468444
341468
904643
2028296
1184161
196053
1247486
2077149
2455101
1176620
1794301
730441
1509001
1902676
172975
1535392
1435087
1947698
1268244
2627856
2275891
1529082
1138812
461675
1997199
2231654
627615
1210673
777352
1808164
311532
100710
1955811
43890
2237144
2481855
2146809
1954313
1963329
654100
1788374
118803
1800128
1602750
2633850
129438
1223036
478749
1525289
1576900
1912761
870840
44680
1798240
2479842
2558141
1472111
1981566
146118
1371684
709184
1725222
2152527
1456031
521103
560892
823301
2590202
663382
2473039
436209
284261
2421783
1980478
769953
2105709
552573
2459450
12584
286319
1744393
1440487
1883082
705327
1683199
2053827
1248824
1126368
755700
770913
447315
277050
20392
689955
2557830
1119900
1903527
1290693
623255
1640925
2106063
2625469
1876822
2493415
2573574
528364
346909
586584
1169996
1939822
822605
1263769
2577367
791413
2163776
990228
806153
401505
350168
2146572
1409827
298372
1801298
141928
1145072
338045
1755142
2099076
1370005
1190476
1360816
982887
662068
2647756
2374003
987452
1151806
2250125
1833155
222970
624044
1921868
376757
2410284
1574760
870157
268175
507111
2278532
1120661
626444
1466413
2630972
760357
427308
933375
220889
1595940
1643350
1362845
458027
752287
856989
2108920
1145288
2364370
2132026
422305
584580
447634
1098828
1802407
1486217
1398049
2569109
1633913
2291709
1643399
1445066
319005
455044
65100
1496723
457636
320341
1840864
2499582
2500658
833707
2106597
2076129
915216
2182366
1403458
2415285
1663642
545352
1673308
979509
2371020
1031385
1717039
2296663
1418365
1646169
372756
1407027
366572
2230831
1788029
522738
338112
1411160
866820
2356072
1445570
2341413
700494
1613430
1081734
1394739
1592895
1599174
1495267
2005305
1543293
435567
1452324
1630326
2312089
170511
323282
1203011
2301439
1837254
2365032
2000982
1109496
1473300
1641239
172358
2626112
192869
2398984
93102
1761746
765196
1054172
253015
642076
478484
2533709
230476
1810393
191090
1425844
2481935
1821205
2056977
1006420
1739836
1043262
2510988
1280305
16873
1382019
510298
447201
155443
744945
79652
340488
530647
2074369
151085
1893967
1961487
1383887
603818
181304
272822
1252889
602686
2084722
1863139
2488360
1430340
2051620
975534
1488208
2476542
2064526
1289481
105545
2409905
1806147
2217612
2387269
54083
2000192
273411
2479719
156552
2310732
2413648
115362
279261
802753
1290852
1986103
1765660
2247037
1430681
2547001
2253346
1301114
918107
636297
2290263
2041270
2102249
2588521
2451260
526838
2060793
19983
316319
1503383
1034401
1514711
2605318
512920
2040928
232713
1205118
2252361
811312
2471601
1334501
1820484
1542823
1012182
1777540
2563982
2075759
892149
270618
2570904
2355134
1542332
2554765
1971551
1301362
1758186
2438293
1083004
2069440
1239620
1306274
516819
716569
1719821
811961
2272084
1183080
2133433
1283170
2340957
832655
1098934
665618
2178645
758000
261466
1252313
481013
217065
216226
1373153
971955
493467
628579
1582282
2255594
2404403
1013593
1100581
1026771
1763471
92947
1832840
424270
487045
2446621
589575
95748
1502726
2242733
952786
1400585
1111275
325332
2435672
96987
1867353
2205093
474241
1214409
948696
2090376
548756
1168992
2094918
1991858
481119
2594376
2038253
2137205
2202039
1392888
886746
1862666
1980633
2585557
1164305
2403757
863933
1503797
1785469
1788303
1926226
254999
1506282
120348
1596332
1627772
1889301
1994906
840321
83923
765168
1799398
1816506
1309104
1230173
348367
1819989
1921
1115350
2465079
1121954
128768
1083408
522333
63643
2261112
1536064
621697
1630775
131741
2482370
2213540
1950835
705189
352036
1471341
2022118
2411521
240868
1636878
938229
1720816
2375031
2225860
313630
2062756
2101409
1788446
670688
1030757
554666
145980
17745
542320
250326
301042
2097872
1407739
1111923
682418
579050
1926410
2233287
1774258
1914795
2046048
1802074
2382687
2418456
2567556
312990
102828
2061764
2638054
2201892
1228908
2626621
210263
1439702
903288
358332
1358146
87
2422941
1339916
225098
1796464
2305889
1789857
174249
478093
2137190
907798
2179825
1122068
1517894
1953163
1042014
791816
368541
582170
552456
1510418
514857
921177
23657
540979
1583331
676123
2631531
1408631
679546
2202820
1926593
1166406
2123743
2649052
1794377
2090164
390325
2164864
280968
2231682
1548374
2442770
833947
2003117
1883897
2045987
682502
1393203
1260846
2166642
1690571
2129837
2272648
1929991
688936
370824
170586
1142412
632722
903565
470186
107228
304410
1533774
3522
287103
953397
1693244
1606959
45120
2370787
462945
2264596
1838072
213769
1620030
710857
1308377
1419039
2417860
592001
2151221
1998491
1730496
2597738
2342455
191132
1199067
2300021
88926
813429
440274
1415320
1169491
27485
183726
2192139
2168350
2614716
630457
129620
431835
1898500
1119253
517378
50360
920745
1334977
719850
864623
1210587
1247713
1971104
641946
1424596
1738587
807039
650468
1323351
1371085
459257
2189535
229722
1472994
1215739
1078442
1239121
1793738
997115
2226116
1362465
2004709
2440745
436218
2470846
785274
2428563
2318304
2087036
1509801
519802
1452003
1152451
2069019
1418861
625365
1972662
604353
117215
862243
713590
432099
1125222
801775
42516
648740
891262
2138264
966743
730526
2135637
2629035
1610253
1245380
667628
1441738
1884510
681092
1165621
1387159
1984850
1343514
458972
2383514
1172895
753865
2237175
2433853
1639184
1748682
606806
702648
312091
2454052
1619217
2381456
695137
709843
193751
2084554
2300758
2045492
358832
1324386
1945054
12035
2303588
2091943
178510
1516365
32791
2217940
463348
312508
2269093
564314
1488456
2265910
2582904
894613
1835907
1499597
945564
2102726
314232
876356
1361404
2125354
2548457
2173116
1868785
589823
755072
1934178
1393124
416225
2360213
2286389
2450529
1865778
1960217
1211215
516725
2274379
2223429
2527465
1907504
2208088
239998
265156
1895645
1251784
149800
1076016
179719
1775839
187445
1936674
1090183
1524018
2280413
1969099
570650
535264
2424724
402574
1963102
518501
826694
458495
529545
1275437
417124
1472753
2627733
1652453
2406619
1203619
93916
726370
2635757
2174524
2249291
1709376
2271634
2464917
2509221
1960469
2327026
2356031
1178747
447340
2417993
2390481
809475
1551775
2141086
1487144
1029627
878656
1197440
1075354
368506
209502
1429488
901459
2147387
1007546
2136469
2068564
229959
1195278
1591097
192410
1903025
2163718
2267439
1222006
1619182
486306
2310393
661584
2342930
110599
2156731
416265
2513483
1295227
2595535
1825637
2240988
1515342
796636
1012281
543109
1040515
1610827
1525956
2065421
617679
2394685
361329
1681764
1818401
144149
256386
1046090
1166216
1135578
2196679
1982577
1905836
1594211
125676
1689755
2386132
980778
575227
904635
1685645
1247738
282145
2555330
1950427
1773272
2518033
2001716
2502587
424515
1159398
2588128
918093
682152
1656216
795639
1942531
1301223
75387
1896342
1209640
1970336
2226634
1954151
543740
2582293
681618
2357051
1993827
403407
403743
895375
2452087
873976
476725
1433558
2187194
1954287
1244782
1064141
2330569
680521
353934
873065
85485
122957
1109734
1417622
2471921
1071916
1908691
1082183
1342719
468047
182446
158747
1217067
1702166
1402395
219786
548738
404546
1640724
725095
1767055
2225186
165801
1676315
1247211
1181609
2044943
2272546
65430
1376947
992377
905622
1374597
2564317
964757
2355886
1706131
1601167
1427890
1621380
1915928
1672632
1990557
826335
940548
1198594
2442891
1701373
2278260
1606042
1226231
1259671
2257736
1121593
1485393
1256393
1104283
2029495
962521
1110540
2108387
1206583
855111
2096740
370781
1057819
861487
2220260
2443801
2281057
127999
2158137
2572068
2190630
2490563
1765126
80091
975490
15379
92451
885358
1514697
2576788
1916469
2056345
4424
1115510
1938291
2191906
1266151
797609
1024468
935790
1823892
165877
2218059
2347863
1376780
1264179
2530416
2394573
1925759
109701
1435264
1170431
1866824
26151
2549422
1616726
1128665
1818511
963963
1281156
773134
53675
1429028
2354719
1004946
1797067
1711079
2507288
2446010
512000
1508757
21487
1693686
1005720
730340
1379030
1036044
1114354
1448964
1066160
705617
1569048
1148741
475728
2383263
1095986
882733
1020859
2061106
1044534
43554
2188442
1539925
63633
1130478
1284097
2173867
718474
1709184
1683689
2410518
1078749
2463197
1542238
2127409
2480709
2083914
918962
1183731
723378
930962
326030
2017665
1257298
1252598
2489354
1013683
736767
1697523
2643289
439654
2560688
1442784
2606141
2263860
1911006
1076106
1990046
1748240
2017881
2508822
37138
508897
1417979
2635580
1182603
1675088
2235319
2623395
1944625
886438
1030102
2643999
206610
107992
2350149
55196
2256850
1841470
464855
2032338
436814
747231
