17608:
429680
1106432
1684749
1531904
2075882
1638672
17609:
1416611
1082804
1761:
1945428
574613
2455117
658961
1621150
2151319
120002
1908753
2589159
283364
17610:
2233663
1421996
1837960
17611:
1169038
1269699
500370
138518
1000928
2522274
2501609
17612:
1706957
1117587
2485501
380338
319258
1559036
1491307
2037839
1673967
681458
2635851
56271
1298197
2630040
467895
623366
2466174
1726929
1418129
1018919
1680297
1818
897540
2548689
1075960
1128902
909517
2044635
759332
550745
2342980
605969
1535401
1305098
1843344
983267
145462
810210
1814975
416435
1056906
308289
271105
1192843
1534455
42727
1730994
1841008
1452807
2635972
983293
312008
2207798
2105063
1565497
281469
2467514
686048
1264277
541717
1254469
2308509
2221176
1682247
2293175
2435095
17613:
1211868
1616351
2145716
2627536
1568294
1988775
2536893
1503635
130182
2305477
1812461
1648285
1420548
1461864
1349711
2323142
1130079
553661
2014833
2087507
1773462
473208
581449
17614:
2448304
372560
2530526
1043253
2125098
576806
86419
1609906
1756535
873513
365624
2523141
2189946
679800
2589907
1288404
1819554
2341424
2543024
717553
1611089
1876772
17615:
2175611
657105
17618:
2329945
17619:
2098867
1534640
928400
2382460
845055
1972833
642090
1153042
1767887
1801798
1404129
20217
2478282
359209
2448354
2253782
761057
212963
1905883
430246
132951
1173484
2078420
2041577
469690
2061499
1353746
1703363
949840
2064122
675451
351002
2113888
2213321
703687
2412225
224858
397737
1110161
927344
1723254
2568315
703585
1335368
2339111
1163477
1885808
2051050
991789
2179800
1679302
773532
1762:
1277391
1719281
2050068
360006
1829702
1706843
2003573
92416
1904850
413683
656586
1647125
1558587
547990
2363719
2014490
1110316
689472
17620:
1513819
17621:
349844
2191129
2174131
1262381
131761
1517678
1864235
1115201
1389224
154409
344824
1509726
1424859
2489526
106441
688669
1012260
2135691
1218739
2493476
2438286
2604462
1222862
2617143
17622:
2578581
2174282
1895527
2274842
1586160
1923177
1654509
252459
2170753
1602896
1478934
1601455
691245
1476155
1033061
944586
1865155
638660
899596
2432078
1386108
876120
1573786
937970
1608757
1165352
1588702
1295188
1217948
31489
2511269
1607538
832523
1398702
568355
1151761
1459562
1252897
2072895
36913
561108
386752
1258035
2324807
2473882
2258132
2342179
504272
1678853
1984475
615988
1237885
74754
1422785
628405
1169185
907766
2610804
1626306
1808537
2107383
2344331
1869769
415075
2398238
136051
1293693
1406574
2179421
2591483
2508403
918826
2623640
433879
2617902
1104417
2238910
755504
1912446
2622246
1614055
1618060
1664222
111701
2009239
1902046
859762
1226473
1086402
172582
694200
1272243
1712098
198861
1686569
325021
2643288
1613960
527104
2117339
2007190
1361990
1830944
198476
178603
2227073
797141
426555
1621807
772590
2061658
1946816
1475901
1849048
1859404
1551739
368940
716960
1463781
129188
2178789
13074
861497
152108
1858181
351395
299891
1977470
2279369
994380
1204481
564377
1744062
963195
2413413
456676
2040648
395382
2152684
790699
1967343
830165
460795
6608
728385
465618
2044395
298667
163522
2353567
982687
415660
1710411
629252
2642903
838623
1988572
1120467
1814010
2102650
2443580
1022632
2337259
1325146
1858636
3743
1977127
1233288
2251905
2120924
2605837
1705033
702028
1490487
2234079
1308812
133180
1874748
1792989
185637
264256
1854878
1198483
1240597
718937
2236035
1134850
2447574
2212665
2200917
1012178
829663
222438
1135064
2252293
1704266
2311943
979831
1299450
268264
1432959
1587553
1820004
2474159
2220638
2190787
1641695
2482986
1906374
1861331
696701
1649264
1953449
2209595
1021860
125159
2254349
989831
1633826
2026783
1121120
2137137
751121
166307
915487
2241004
608745
2288010
2186667
917535
2368338
990982
77872
198464
133522
2438939
2614
2584905
2612793
1753873
613092
2267852
1909319
1950379
2396722
1483740
2601449
1815823
1729138
1551657
390021
17623:
725691
10100
584615
2045846
987827
1256706
2113888
1735031
692686
230265
1029760
17624:
2625561
175546
1771415
1680866
1635744
169917
687299
968133
1984713
377970
1893276
1225936
1660283
2537879
17625:
42362
1188085
1979350
1899676
1374956
1579517
1065412
859226
933700
2550383
568743
2200556
395586
240817
1232538
2084385
28560
1816364
2314186
1041866
738952
1861654
2516157
2095195
1106672
686489
613560
1508257
17626:
1087756
255178
78475
1231069
1155612
1754780
91380
17627:
313593
2451053
403656
2588188
1395557
2503691
1152000
1248174
11169
2450252
1201114
1808765
2158740
955014
263290
142483
492118
368218
76597
430476
2585719
1112707
1011743
1718390
1661835
1227286
722407
2105764
337986
1485531
348298
444586
934153
957263
1186619
1547372
274439
816202
1248352
1822240
602189
2294315
1187402
1830910
1133842
1888518
2370268
466876
843837
1752789
820963
1788360
2612:
1218026
2324506
122167
1254344
1704285
85547
1712959
822402
1866855
950235
571821
207355
209508
1791442
15826
2425351
569745
1290160
2343657
2515522
1380940
377315
2240299
2010130
737525
1684793
1558471
2413101
1214501
1574237
873995
711538
1839830
1119513
103018
548213
548044
2644298
1337624
1298461
2588697
995860
1318324
1733903
1968210
84747
231517
552217
1722688
2130786
1444444
267778
685697
1288466
1391839
650808
1295524
602215
649282
925660
680846
1082728
1151033
1254753
596583
157706
794607
2128677
2007495
2390347
1443480
431670
644690
255157
1616428
584487
991859
917840
113730
2365969
2385205
382257
127159
1494061
621607
178804
907156
295552
2186524
2493100
2014764
2411403
779898
465869
1051695
203114
2395017
139149
2022091
87634
898655
812746
35295
841538
1627944
1788146
736089
783019
1673639
175990
2572718
2380607
860235
2206053
1891041
19775
1177220
1168480
2019325
342901
1478007
180632
1154751
958204
1069752
1382371
1934024
2582872
1073991
853958
747329
42453
366744
2373400
1750863
1658986
38074
1967169
494301
1629407
1303977
623447
551891
1333381
1729127
1898247
1233111
993680
121601
1692025
2290894
887694
2392839
773326
467948
1268622
2053427
435982
882725
2547633
515548
2334531
1550622
2452275
530486
1975882
1051100
407731
212883
2475320
897594
2209606
115082
910270
1764224
2065865
172603
771296
318130
439992
2037286
1700635
537151
839603
248
299288
2258243
266773
1444878
2076884
516424
776111
2245025
1979444
1470301
2204194
1586927
801765
254856
662216
1743588
575400
546269
1724293
2077581
276827
697584
978295
2383666
1864913
937284
2065795
719509
2494131
2096995
1683930
1759503
273458
2400075
72660
8058
1217659
2221705
1045854
612592
2228309
936126
1281237
1605861
406501
1864048
2345641
706039
2056254
315507
2638315
2217783
284696
2106963
1338088
1646762
1749804
407714
154546
216295
714243
1346074
572484
1399223
1996290
114426
2476090
1697428
2536539
439403
653878
459513
2114973
262582
2493895
2172672
1269339
2230568
1183106
430626
1355252
2531726
455698
1310761
2136091
2300310
2517716
272455
1200150
428409
2610430
131731
559766
666664
2142981
2275559
2312699
2047050
1515820
792287
1758324
1716136
576347
556282
2080834
1400449
379
334884
510135
1343161
1008872
1530255
1772488
2559017
574999
573951
511547
898524
1221699
833970
585264
1839760
1493339
534441
1098818
1858571
1095263
470441
2307583
326650
1442861
2261486
1039319
900488
376204
1658856
738248
1041473
1593558
1783966
75625
2561120
1002525
1836304
2133043
2453011
770504
2002445
1437820
925116
1186794
642227
827351
2260361
2372953
838101
1568860
753196
1632296
2002590
1909859
927754
1783874
589565
1888274
2550453
345215
171700
871942
2401691
2573017
1196978
607522
1164914
1749879
144134
366903
2095090
1454251
2324535
1773750
269515
1104718
502767
261816
1059509
998975
1867863
2400153
2607327
451063
1136209
109000
1997453
2541542
888581
2035651
1517411
1605334
2065435
1412861
1994266
1316943
1843343
1160747
1386700
1164671
428134
185105
739429
1534803
506442
728520
1052220
2446828
509297
996198
1300659
2630628
1266071
2065917
1026374
2171417
1496760
2000222
816397
477285
323085
846618
1167629
1769217
1352157
685231
776382
1518070
1996887
1815424
967820
380439
773025
2143526
3612:
823925
1452058
1594548
2028920
1746082
945498
66631
2636008
2108605
2622904
604828
583999
2562153
29267
1832947
1612954
1968082
628313
455460
2643816
756163
1746147
1683479
1710637
1870855
129185
2617950
200063
1566020
1272942
2041725
2213880
2586710
440794
586976
858641
2253079
1297337
485118
417041
577103
990892
655615
1909852
2298686
2539756
1022046
665242
2577217
1221105
833047
2562140
2537783
1561935
1680840
1493615
204363
2258823
222022
656128
1441387
687041
1967954
1324364
1383345
1131911
324115
1175281
1207821
2415330
1151066
711798
2153771
1015440
1893378
2631060
12809
2228473
1721761
624233
2428223
1939029
134018
1735877
2138628
1010034
768949
388737
838617
968059
309043
1816177
287934
155198
1991038
2340416
341077
700420
2120666
1491487
2378649
280012
1517357
140498
2424371
1508911
1652942
1889717
1433472
1838530
2416656
1357602
1704847
1260854
1801498
1136985
329801
2253792
337681
59928
302473
491266
1103264
961708
1303110
483158
137309
721524
404000
1219003
1319725
1789317
1858189
1706908
933856
1517745
1648274
90928
2110928
260589
928112
1921055
2505509
2003522
1148698
1994046
2112204
2476885
43738
2350126
786268
919041
997900
1586209
585378
1645460
137425
1573333
1169628
53332
1496903
1142223
2493101
1427922
1012513
1055121
2104570
2307260
2347688
784408
419418
1114191
2378440
378481
1129735
1270098
256226
2095241
1711078
1939985
2451464
2230550
2457732
357914
1685731
1545710
308843
217097
1101699
113873
1381920
2410829
2598461
245140
140861
947981
1232823
307095
2261198
1393784
259660
2050850
82316
1719675
2405099
2445620
738427
1157565
2211905
2297058
916708
2118074
2489269
394507
1160705
336352
1100974
1538065
702062
1135632
1196273
1934459
1641705
233006
471047
272499
2365408
1083510
2478951
2167364
1826113
45940
229114
526475
1366327
454265
2565933
2027291
1447548
2281872
2465876
393928
1938438
2184389
4612:
1367183
1731887
743686
524514
2263281
589442
1263188
2411597
2158561
480075
1173086
1270408
488075
908394
413615
2310461
340639
2096402
1657239
1582127
2347848
654528
1740928
1043551
1903245
476822
1858591
1495057
2172149
903711
4613:
349528
173413
1851313
702555
1311019
2051233
1125680
2352636
30298
1619092
4614:
2333850
1300723
4615:
522845
4616:
228323
188678
349619
2161968
1043510
1036138
1334468
1701972
331129
1702155
1040032
2341063
4617:
344842
2018066
2133425
4618:
1362688
1455730
1916909
1825016
453956
2448561
2621524
1987190
1147571
2205011
982071
349522
1734132
4619:
1737378
2457643
854364
462:
2025177
1411737
690965
188813