15289:
2492536
701793
1892650
624715
811790
6530:
2499392
2082456
2228459
1522766
1334839
7778:
2541025
1348963
388421
1831048
2039530
2333303
1255949
2267885
2243696
2246609
1220734
701206
1210455
1206041
622971
1941054
13678:
888291
603358
2002983
2032791
753555
716158
6270:
386912
628449
442222
2647047
9296:
466752
1455043
522934
522760
595106
1005903
1814416
2068216
2467794
1138195
2321238
1799770
1015567
1767517
88542
343138
1060195
1393509
1416038
1173671
1474667
1958866
565873
408628
1666805
718966
2244599
418424
1475004
1128447
4916:
583234
866465
668311
529421
925010
2452691
2347990
1414231
140124
2533726
1449057
2003554
2624804
555121
2458217
690346
1661229
769583
795249
1563954
1130739
1839412
1191473
1351928
2265273
2283957
13129:
2569221
2454804
953352
947372
271370
1293324
613389
203790
598031
308240
99345
171028
2246677
2299927
2627608
390170
896027
1387548
2171909
1563680
2054177
8229
655399
1762652
90154
1718316
807090
364591
574514
1009715
907316
894006
2053641
2421087
533053
1604405
1985602
1490443
2200645
809088
1028167
329801
1187915
1357901
637007
1880497
487506
389536
821332
645713
1325753
1115229
1853151
632927
541792
2494190
723043
834479
989713
2634856
1080425
1307754
824429
1120366
935024
1427570
2250394
2394985
1518713
1319034
1509397
1943680
2288320
789634
2006147
2157701
1121473
2414728
2231434
2210955
1271948
2357391
884880
1321105
2564242
1193108
1306774
1043608
671897
652442
1635484
258246
1826978
619035
1143973
1870100
1930407
1079324
242858
2103468
1385645
428208
2034861
2209970
1577502
29880
1254585
2008251
972490
1770688
181441
2484680
583420
645318
1974473
882891
1731788
1620173
1785040
2424018
262355
12501
860374
1112280
18649
1355668
2281691
1712348
2062544
1422562
251107
1161444
465125
652518
1329384
1801451
2343150
100591
1344445
694513
1748210
762099
806782
1913216
919217
1904891
2082044
2226430
1888512
1818881
1111298
20407
1406216
2277642
1189131
1277198
263439
2456257
256273
409874
1262868
1932565
1511702
681829
862489
1931547
1057054
941345
2177314
1703207
528344
2447580
373810
2196782
1841885
304433
2632755
2582836
2393397
760119
2048302
563252
824635
92042
1204543
2574566
2284867
2250055
1548617
1770828
139490
216399
1536337
2386258
352753
1185524
41406
524633
396634
1417136
1960284
986461
2605407
1549712
1351010
1076581
1207654
1463657
1069420
477757
1472880
303336
143939
2368883
1796469
1493368
2273657
609593
1269116
128381
1275262
1108352
2352514
996587
757130
1443212
781709
556430
923679
2190736
287128
1251731
162542
1674975
631192
623492
2010523
610373
2538912
547233
956937
1741222
329129
819626
2201004
170226
1583534
2608029
1268144
1212849
1078708
2378825
1784248
574196
83386
1247675
600508
1303114
2215358
338367
2484672
1830337
2527682
346699
723396
492998
1672647
2303432
2211274
378315
1654748
19917
2403790
2587087
97745
86483
2394581
2607575
1461720
567335
2536924
477946
34966
142647
2275579
1561060
2246117
2162151
878844
844266
14827
1504752
2398705
888307
181502
73193
2205176
86236
1005050
819707
1095164
639488
1963521
1286658
348883
1063429
1313286
1978625
1023497
647321
1154571
895503
1989136
883217
2322104
674325
430615
2317850
499840
2506269
1195550
168479
933808
508450
635030
1696292
749094
1509809
1159719
798214
396844
2377261
2400814
1295965
1051185
2603572
40713
1967672
2001465
202298
983611
235068
2137354
2411246
2122306
451139
1264196
2526789
393798
1192520
2192970
781899
2117937
1945166
2186831
24145
661074
2314835
666196
2523733
1853369
1228378
2090255
1234525
2043843
1404511
1132304
2602594
1896437
1985124
1184101
1054140
511283
1088108
1650962
730735
1773170
2187566
436853
884342
1570068
348794
1274815
1730172
270973
1159957
746113
6787
1565121
532104
487020
2035340
5570
1575566
2269805
2607760
2524818
2608997
836244
2436757
1121220
50842
1535599
2365210
2206366
563312
1087138
2352804
968134
1320615
1602217
1847978
1962667
2593453
2587310
1649329
200370
2571957
1465014
2326200
289465
124603
1801917
1234622
2304703
2525888
2168513
681895
1812164
706246
2523425
1543880
740041
1637066
1547980
1372878
1148624
879315
1184469
74454
247511
812796
1255204
278235
2113658
1917663
577250
2124515
2046693
759526
2198247
922252
1128170
1571252
2537426
770798
2421373
1256176
1644273
2143986
5875
1961716
1630965
572713
2104056
2320512
1197818
1519355
163580
350960
2368254
185087
1758976
1545985
2556033
2266889
1316618
567767
1002626
1677070
1713422
2601744
240401
1820435
161556
2398330
1965846
1341207
357146
357148
2540317
1414942
1827616
446060
2274760
858917
1130278
876849
490972
2343706
1535623
1681719
1108616
1039154
2166579
692020
623070
2502454
283448
675641
871228
624445
2648894
2282293
1642304
1522499
548676
865094
2151052
2618679
1381198
2114383
1881936
585553
2089474
1715683
1595222
766265
1014617
602970
772960
2079376
2313058
1761595
683877
606055
1025897
1296235
1366893
838514
2447074
931700
2233207
1179512
2152314
452476
2456445
2066302
82815
2432569
2345859
1039236
60293
2009409
191762
297869
1284810
539219
733076
396520
1314969
1871768
1817497
1149851
448154
1438622
57328
1532834
2502299
480164
1900358
2351601
1975181
872361
22445
279471
710576
2292657
1512371
1385396
732085
1312960
1372066
128819
1433533
476094
2555839
286656
1781579
570308
1555398
1170382
2439120
2120064
1431507
1589204
2039832
446423
1851352
2091993
2626523
2325468
1959077
1081314
1774040
64486
779441
2599787
1931246
1064944
163703
935473
2238457
1737088
772093
2364414
5300:
1880434
1135948
1050:
504834
403469
1334289
834578
944643
1609748
2254869
237590
115736
1909788
1115165
960542
949289
1944242
206685
1657904
116139
2443316
46133
1653815
74710
106553
2422843
2601021
1084478
23392
2440757
884577
1934408
322635
2582604
2511950
871437
2640976
633699
1528918
483416
1167451
2312284
1971293
5989
382048
1939302
1371238
1885290
2540652
2060397
1293422
463802
1269872
1002609
1507445
1121129
1889400
385145
770170
2180219
1155198
2457728
1453188
1918086
1564809
759946
2337931
2060433
542867
808473
154776
348319
1678496
546977
1450148
1218246
2428070
1012904
2617031
1810605
1909934
798896
193714
2462899
2249910
720831
1728706
676037
1419463
2500809
1224906
2075852
1283278
2313424
285906
1380006
948439
237784
1753419
2249947
1875167
747744
1676513
1998055
2150951
1557743
1785073
972020
2407007
123132
82645
623872
1375493
2519304
2118923
1592591
1664216
2369811
2231572
2043160
1040675
2208525
581616
744742
2138409
1507626
2213163
1242412
1948975
539952
1921331
2534710
1428791
738356
1341754
1574111
45374
1459519
171232
487746
1443139
55621
1362247
741431
794957
2165154
2346320
538961
1690963
108430
790870
1532247
814428
612701
1489467
149860
1503589
214487
2240874
2532718
594287
1284464
620913
1726834
266614
150145
827770
71036
831869
1871230
26517
1437059
1847976
85382
2184584
1191305
1600906
2229644
1685903
1315217
2007761
1718511
1569195
2099618
555419
1673969
1404487
1377711
2534832
1217608
150963
2533814
336312
575930
1306336
2359743
1841600
1585154
1920452
766407
618952
2331082
2533836
1131981
1385934
2338256
753106
1304995
483799
877484
2415066
505423
142812
593373
2357300
2153956
1060774
2224616
1651178
2632176
1964627
2517493
1113591
1080781
1935867
2097428
2373120
788224
1944066
1163779
2099717
219656
1807881
2435596
493071
1797586
614930
1939988
941589
78359
2341401
1289755
1183322
1201695
1678880
1013510
927271
2404904
461355
145964
1535537
2056755
1886773
2387721
1162164
1387067
454204
2620992
1835590
1888839
1035848
656311
969295
2155089
2452051
554580
934485
952918
1663577
587354
297564
270266
1484383
2354784
1182305
38499
1412708
1778277
1275494
1941098
2587243
1415789
2524782
1308605
2605685
1277204
496251
851580
1682026
803454
1497727
2139777
884354
2164355
1994372
1467013
1973356
1185389
1549970
217747
1235604
1600100
2581144
1143451
1495711
2437982
1774245
72358
736369
1496744
172713
895658
47787
1637127
319076
962226
1609395
522933
847545
850890
2003647
1252038
633633
1928904
1019821
2093771
2201294
958159
1844344
2109140
2311893
1084119
456484
2201381
1631968
260833
1444134
473832
2394858
255724
1733074
213745
805161
305912
448251
845568
2471684
2492165
129798
384775
1331500
77271
2506508
484109
1880848
1956625
2493202
211731
2463509
207833
1554200
2640666
2070300
1860384
2030896
645924
421669
1628636
2597674
1213405
1691442
1513267
1572660
256826
1850173
2460479
1476416
2257731
629678
2305864
812882
1947476
1017690
1708346
196446
2096992
1442657
2226019
1760874
2483046
2098647
1278832
83825
1159014
964470
2320323
1989496
2028180
2535292
2003837
2132862
2216832
2364289
2370435
236805
310149
2163594
822158
147760
2506904
2425749
202647
2228122
1670043
1732513
133026
116168
911270
1883047
1788291
331496
2219950
2304943
389041
684978
1322931
1049524
279477
260023
1328058
2505659
1991613
2017214
2369471
1567683
374726
1071050
2086903
2615244
2612174
1024433
671698
2595796
1259478
1227735
1805205
1055705
1308634
786397
1259487
492512
2120016
593893
1373118
2120700
2056175
890864
2216616
151539
976884
1053685
1645559
2565112
678908
2438141
1440766
9567:
1688609
2123042
1073819
43141
1514983
255112
1466153
1272423
1291628
709295
2278520
1852627
2214837
735094
2408681
434744
2609589
573429
274652
169311
12096:
840193
1363203
1838852
648582
282348
943629
1215248
599953
1712147
971119
215573
243354
2363291
1310748
1673178
1919920
2126370
2143012
24357
2138919
1931179
1170478
1000624
2311090
952622
548148
1524279
1051962
1308219
1985084
1148735
1829570
507203
1241718
2149318
333384
1209161
281034
2031435
489551
2484562
2624211
2128084
1970006
1718487
2046682
1061083
2020702
1550938
1795301
70931
1990972
2344427
1062124
2052142
566255
1556209
1418866
2428563
1402612
604917
1154038
1015401
1371348
1909439
2433023
16357:
2371589
741383
421896
1452716
2199565
1150991
589841
2134036
1347605
888153
1478681
1691674
1118235
888862
630815
2510883
765988
1419270
741414
2196145
1527848
2326569
2367530
94215
16431
2187272
1833100
790581
1491000
2228281
124255
2416701
1060930
2551876
1220677
2084934
1835080
1642570
340044
65613
2375758
1604782
2252881
180306
860243
368724
237655
2588760
2404441
979034
151643
1327201
1495142
2257000
1253481
2637930
2084975
2240624
2240625
1998962
98423
123001
690962
405627
1437820
430207
2408577
2629763
1826948
741511
69770
2011275
823437
127119
2621587
82068
2363545
2470043
913567
606370
1400997
2072743
1769640
1110185
1015978
995503
1814704
344241
724833
151732
785097
1638389
2339002
2207932
2347199
733377
393411
1351877
1528006
2633927
831691
2236620
1220813
1188048
405713
2506962
348371
1814740
966870
2620793
1896664
1515737
2326747
2187486
2482399
1786081
2082171
2472657
2220265
1351914
307922
2367726
1413360
2416680
1458421
512247
1589497
184574
786689
1954052
559830
749830
1106188
1548557
1859854
2203919
1638672
905490
2286745
1951108
2588957
762142
1618207
2425122
2374363
782628
32134
2588966
274727
2261290
1478958
2006636
2150709
815414
1519928
1638715
1691964
2523453
2105664
1327426
2537527
123216
901459
1827158
2249048
2031962
1237339
1179998
713056
1565027
409957
1511782
844135
1208681
1167724
1778029
1944133
1659248
2257265
1642866
1991027
872820
1839479
1650068
1487227
196993
2580867
2593158
2048393
323979
2408220
1724815
373140
1069461
1835414
2220439
827802
1102237
2625950
1794463
524706
892149
328100
262565
143785
983466
1053103
49585
2396599
868794
2117023
1950140
573885
598465
2412995
1978820
790981
2003398
979399
487500
1724877
2445775
1655249
238034
1397203
1389012
2309665
1826212
33242
1589383
1570721
4576
1106402
2470371
565733
2351590
1176039
217579
1618413
2015727
1356273
6154
2576883
2036212
688630
500215
2572792
18516
1376763
1626620
504319
885248
1211819
1530625
659976
320009
1974795
2359820
1741325
1999375
1581586
164371
1810964
1024533
747609
930328
1312920
49691
897564
1171546
2359838
678662
201254
631335
2552361
426539
1712684
61940
172591
156208
2499121
2335282
671155
453995
773557
2462272
2134594
864837
2609734
623176
1167945
1004107
1856076
1754693
2601551
679248
2019921
985187
504404
1143383
2540120
1356378
754267
2533477
94816
2589890
1103291
2019940
963173
373353
1837159
1778285
1835632
299633
2071315
1426037
647273
1217145
2273915
2101884
676477
2224766
725637
2286214
2032263
2200201
172682
703938
1000079
950929
2142866
2564760
1725081
799386
671855
1221815
230046
2208415
291488
1503906
1970656
1929892
4773
17063
1229480
2142889
2043300
328364
1327789
90798
1311409
2097843
1798836
2081461
1962678
835017
512697
553659
2202742
1827521
1249987
664260
194678
270351
2081481
397431
1866425
1023287
1888975
587896
1467090
949989
2486997
2183894
1876697
1700570
1270492
864989
1555021
2147109
971488
1999585
664290
1495781
328423
1655528
522364
1086186
2642668
2354879
8945
2597618
1647347
2192118
2425592
1757945
1970197
168701
2503422
97749
455845
2618114
696449
2265864
1180427
500493
2081551
2065168
2294545
1340178
155779
2642709
261593
2433823
425840
1807140
963365
365351
33576
1251463
811820
387890
1934130
608605
766776
1966907
419978
246591
889667
242500
1495877
1172295
2048841
807754
1735479
2421580
2458445
1487697
1200978
2050190
566103
985231
2522994
1680222
2159458
2179899
688996
578405
836454
1595537
2487146
2151275
1381228
1692525
582513
1835891
1749876
2509630
242550
2343803
1913725
885631
619392
246657
2528130
1393539
1665175
967564
2175886
1651600
1820824
426898
439188
396520
1782679
856985
697242
2325999
1037213
664478
1303365
2220961
218019
2610084
2357281
209830
1131434
406444
1938350
1622959
1766322
1156019
574388
1573813
496566
2347849
1537843
227805
827381
857021
1258430
2021536
852937
704493
1302690
988111
95186
984021
2618063
1257637
2028512
2184161
9186
354923
1684452
2214
660454
2274279
2552810
2214055
1836013
320495
2028529
2016242
1631219
2412043
455669
2514952
1078263
