10048:
1590947
1367805
449591
1293456
1741802
2350428
1295702
10049:
1430873
555892
2082280
1005:
188792
239493
532649
172948
1375320
2262661
499648
1992424
2520684
202738
776836
786246
1492104
10050:
578168
498400
2540580
443256
763359
1619179
10051:
1992514
1444088
1181854
2640987
1637718
99993
2068042
2263492
42667
2183823
333589
1044758
2528820
1834032
974174
1296599
1595090
2096722
526154
1403360
2146083
10052:
256656
1205948
1748906
2018103
2597320
10053:
2498427
1424098
2346412
1603364
2245155
374663
417525
754005
474325
1518947
2181455
921472
512984
2641058
1782074
2205732
780136
1569985
2640042
1765813
1976224
652469
1712565
1521838
1808452
172291
1111395
1189934
1418575
959717
2070471
1731330
2455012
404156
22415
2155274
2018196
398215
700467
307168
2058077
1897417
884498
502067
1988672
2329133
2593690
654696
1615992
1716430
1180971
2324556
165745
1544780
1500196
814070
553335
1144699
2399472
210420
1740017
793327
2165004
194837
1447450
1234282
2170999
675886
10054:
1287459
2106757
1495930
1203103
1496895
656104
1123422
692590
240181
1728861
1501314
1502856
10055:
858554
404922
333277
2160155
218872
1096960
1916237
703706
2166546
1608757
1372898
2595083
476167
512484
285157
310249
1893955
1628517
394546
1199142
1228362
980738
240779
692943
320564
1485728
1070295
2046048
1755262
2619777
1950879
2456770
1475698
846505
205561
2077906
499003
1406565
2027693
1748906
2187995
700728
712778
2017966
224795
84218
2306758
1732558
2634044
244325
211664
1180237
578782
782382
841012
77954
1899671
116627
1189087
615643
1282499
874755
1430847
1175852
1637265
1842846
689610
452961
677023
2277087
1734783
1722344
286483
385653
232833
1724468
1500082
1050712
305836
10056:
1787873
1616351
935806
559484
1124592
2622415
1036019
10057:
287967
2030226
1602132
1594434
969182
1099833
10058:
1300105
2626413
10059:
962754
1006:
1004708
762076
1403722
1902516
2406158
2435695
1513947
2611526
632767
1640206
2036565
1160227
1248774
569435
1211238
1876964
286282
2558726
1406311
2385508
847471
1099321
1923690
2464105
135797
2497555
1191009
1875322
2328673
1679271
10060:
2205605
2487299
1224482
1885736
198094
521705
2473355
1539568
201780
10061:
2603559
1547800
2151013
129921
2351046
1880166
435536
1435041
72207
42623
2069538
324903
2437043
752507
2220920
1615526
2175791
2582764
492993
711675
476591
2614221
703594
2038901
2116224
1024554
747877
1273677
1232745
2259598
1074848
2306379
1541288
880471
2439237
2579439
1209609
1692688
1630054
510701
2004259
656005
551375
2374914
2344963
1985140
1837979
201896
1527380
1075798
1479888
723135
2091526
160936
391575
957170
939013
783252
1028975
1406976
784955
2648730
576600
2362194
786197
289009
770031
2103468
1387446
281344
2416451
1975589
1699740
1994755
2000674
1996245
546402
840306
1378509
848998
1458042
1305099
475676
1265308
1690831
1175356
1944582
447137
1643042
690106
804129
56515
1649714
177156
2618313
1225857
310904
446258
1291484
800563
2488811
673306
416453
2294599
1689758
1435512
1890583
1748322
1890329
219756
932993
1235827
91829
1302622
1589143
141483
457445
2105045
2248232
2326969
909041
1919294
1542307
1247398
2460414
1827197
1339354
1178380
2601942
2582123
139255
1575209
2267054
175935
1202577
2439077
914484
458842
1167614
2266201
2490543
1576126
2108469
306431
251179
592924
2615067
2000525
2587620
599094
461348
10062:
1084001
995737
10063:
2646124
1059193
2498639
2232100
846288
1891279
326040
2220804
1147138
477002
278598
1085817
1989258
1227162
10064:
66853
2242375
867948
10065:
2644587
1866984
311779
1022903
2245995
2030254
443483
848170
1615808
2543696
1973962
379292
1693955
337701
2489253
937678
2139616
517128
2150901
2092667
650570
1345167
2317837
1708462
1484075
2043181
579834
501340
210750
904331
1009543
1573062
704521
624813
1777165
1257571
10066:
1544919
1712360
964645
608114
1943448
10067:
1747200
212759
1678519
1025440
2400195
2331378
1715415
10068:
2169183
1200359
1477194
1861603
1516386
2217808
10069:
2140139
1555169
562543
1007:
95090
468346
84508
2202141
2383688
10070:
1611581
2116105
2126134
10071:
2278157
2608100
653321
461910
2509839
993168
347785
199585
968059
2469183
703853
945346
2199353
210214
2409797
314571
1816577
2284829
846392
1283406
2065735
10072:
1721684
948069
747395
1541854
2436553
2639141
152517
968466
852660
2332407
2149025
1985518
2563564
2436530
1568641
1045844
803093
1110245
809336
2091440
2640363
2613974
2227829
184077
2424227
504418
1824701
1056337
342854
1997031
2112651
1784778
1543077
2149554
2534017
512410
2247429
1185627
1168032
272211
1603497
1563172
1141163
539873
82243
1331942
1015971
2446058
339113
1957036
2550829
686487
786404
2523066
2036100
781293
265463
2215126
2046509
2256692
1327637
612163
1084225
63275
585989
1776577
445177
1695902
1322878
2202369
1656679
2011431
598595
2424941
10073:
855860
770122
2027058
166603
2524705
1027050
1842060
99477
1754430
1128682
2077354
569739
1064540
844651
285476
1762872
1566161
10074:
2008983
879596
165823
1606342
1152053
1056823
1810386
2236080
1520576
210601
343906
2265491
1443203
2022092
2535562
10075:
2646449
10076:
2272830
2624371
506736
1429578
2592263
1502898
453610
10077:
1707924
748800
1265934
454612
1274786
454878
302198
57012
600141
835474
1334873
598940
1498624
10078:
2620220
2028757
582862
2116134
1026616
269374
494658
1312224
2549758
2526970
750543
1348849
2239070
200387
831360
1511575
1277733
862584
1363161
157112
1005142
1517627
1362948
1484394
1369154
391799
1066271
1464365
61821
407828
2637925
1799269
1467880
2522590
1423199
1591786
1337074
1782462
2328544
2340228
1845829
98737
2525160
2087800
1666682
1165562
618603
1049221
994077
1368715
1661120
1555116
1506188
227703
1052469
1797293
1348754
2038186
1763857
376221
19641
504600
2371095
650898
2476368
1768815
1203316
733491
2598367
223660
666447
2465826
856134
2282989
1458894
1672647
2293485
327209
1138491
1616870
1876996
34764
373574
1885426
682566
1430590
2359760
1649398
154770
1511121
1994790
948524
2372527
2390409
1317760
1761437
2640070
1358401
2270767
560480
1980603
935078
1661357
166281
1477859
1364173
213865
459386
5668
1611752
903214
853058
1980398
351202
2548357
1718041
1600968
2171203
1839639
2110774
2612992
1855217
2185950
329442
2184389
1378539
2278778
1166444
313831
2267987
2503319
2341546
2057116
2372644
250595
1794406
542683
279187
189661
2501330
934625
10079:
917805
999532
2154688
399926
200206
210481
257648
1352799
44620
225449
1633162
2222433
1287249
539110
104258
2050996
1072799
1184502
1631358
1612760
2117566
1008:
32950
2518523
1733072
1619646
2620565
574670
124611
1968788
1791274
127088
355479
2397671
1014716
294890
1631646
489973
1827918
1955755
1691141
1245082
2020320
264360
336778
1468951
2567695
1296980
2387637
1027103
799650
2059956
1301605
1087747
1089037
2488249
9781
1927403
2276942
1695122
2258412
1614163
10080:
229220
1296825
934140
2518320
683880
1409611
2324522
1515269
650808
624334
1015960
181985
1658683
241712
477696
825966
835771
2452192
49429
1627837
1818887
1239426
1694860
921405
1042749
1121110
1953117
1308624
1344730
1361853
1238356
253707
1611693
1216933
2600588
1352887
457909
384781
1159110
1708857
2000071
2202242
354857
1487731
1837671
2633459
2360159
2100626
2029590
356410
2221143
342609
2246138
2456331
2409550
703131
1175506
505375
2027895
2216724
2425452
21212
1919510
966868
2291972
2209932
1865959
1351545
1689573
1135980
2284646
928192
1279382
768929
1588895
2360740
281979
564596
298669
767938
1053600
16477
870405
426066
534306
1463625
1022161
791621
2600419
2366251
1394815
413883
85082
1455730
2124228
1177965
1645243
1233631
1081832
2336349
59596
1879955
774369
1382862
1568541
443286
647171
1084071
2310468
1715756
607633
1550492
1697635
602785
292758
375995
623297
1283908
1418302
363539
156747
2465094
2072590
1637013
424935
2056256
1949208
957348
163928
2350485
1853715
2545689
2243508
1438634
1734231
1078058
811134
2448511
193059
1422021
1606775
1672587
2568985
438879
1129746
1811113
522520
894354
2267950
2192915
536631
2337099
140287
2440264
45960
2112666
1467298
766313
2213136
183489
28774
1489023
29880
2605324
2192158
30514
135019
139211
164882
350766
1132123
2362832
2316403
2598710
599223
2131047
170811
1691409
999972
2201083
10737
2160193
75830
1800998
1468226
91871
2582793
1910236
2578767
1199710
703315
687750
2036717
914140
1256069
1821640
1285256
7196
58457
1392699
57251
2452067
2643449
1068610
840520
1085087
937100
1262983
359127
301168
1005654
1196955
260341
2404428
2232059
1043804
685614
657748
960862
1733608
1335057
1744593
1132423
477249
445105
2286662
736810
127849
799907
2136561
2348911
2182012
273060
2352346
2041154
1815080
313158
577593
203132
985268
1371108
1974927
1271531
2099056
78102
804414
795052
582582
1565755
2109088
905704
1285332
603882
1591087
2354900
2194328
2348796
1614968
134372
1152684
1638217
1568512
1857797
1687882
488012
1904049
980778
838120
2327294
1343081
2084543
2391342
2430758
1276931
1643330
2069744
2537515
1857316
1391721
989958
102099
1424084
971527
1679254
86374
2195212
1509273
795341
1534211
2456061
351197
1865887
2440658
1594836
1697410
350471
1603797
544859
141132
2124286
1203120
842037
1270371
2031456
1658459
958305
1020485
811227
2534009
2386652
1449717
606823
943806
293549
2422301
2194547
1589903
1496400
2610150
1508393
1207818
1719750
2490960
666706
1863197
2351833
1739839
2385925
1032306
386625
1232574
42325
294151
1500288
354877
2167513
1648844
136323
2601021
2413119
331486
465831
1081758
324862
965846
217756
324675
167563
1352845
1346104
25690
1206213
979890
2555680
1599414
453185
1134674
1499567
754358
1230136
1395053
2368485
91433
328150
905083
144078
1498900
1948678
873531
845731
2429251
2229399
988636
2548806
567680
2117743
655399
182008
1159796
2338492
448722
1777316
891575
645938
2088703
2512596
149761
514199
93293
1504049
2501580
1487263
779209
2374401
1850062
612129
24526
2593012
2600224
1736708
1589193
565431
1791072
742032
1190047
1460899
1466405
814123
2567055
1865133
147089
675674
798509
833881
267308
1303816
1702903
1452696
1745159
582910
1495127
68925
1687303
146187
133941
600245
1690981
1292952
2596463
2241042
1634992
1828616
514472
2581018
1736306
828399
44140
413837
1250611
2549614
2646207
390307
2535616
2390023
270850
1062836
439139
124793
128040
1062444
390761
2553859
1152060
1819769
1885881
1378458
2463138
2182599
2391923
795340
858764
1573067
805922
13934
579577
22642
587113
1753328
681719
2296857
2586325
403539
425395
818782
5498
2285841
783280
2128216
119440
1370190
93660
585993
115271
502491
1559585
220842
2534614
843821
2153809
233335
76374
1904770
297262
1684116
295898
1612900
88800
282186
564026
1801429
1007980
2017203
1235209
554061
490381
499406
1262767
378376
2413845
2241897
2343134
605177
1782958
1985490
1955072
1497723
1594939
2486013
2335220
2584778
738554
93893
1488301
1320066
72567
2189707
157583
2549055
1467395
487574
1663900
927137
2557756
1371089
1589316
2311790
974062
405349
2043235
2603179
2098283
1552299
1709049
833659
1350435
2438325
251003
238892
2137708
2197594
1843048
1228106
608039
916397
2260135
168095
1093107
1009771
387521
2210870
52990
1141443
2011130
302962
2324212
1200269
1113064
1915141
697854
1065047
138649
316421
493307
787834
2270493
1450536
1894020
2228121
1548770
1364557
410547
216248
559273
2248612
2061081
431416
36003
171329
1460183
1109253
1261105
1839465
197698
1886953
1206022
688543
849689
968326
2103624
1089983
1300432
446682
524580
1449174
2102546
428958
1484757
384158
685823
2185946
20549
1939409
1610030
935082
2468532
1205022
1829072
10081:
252944
1253220
1376599
298750
2408948
365261
2542796
10082:
67679
2105693
1484526
2032893
1088027
2015749
1137317
830280
1241315
198422
643328
1293235
466806
382161
419321
216007
1250282
1340743
2304761
1673125
1580477
918917
2288573
1817656
2469232
2030080
353168
2369595
604571
201208
1354635
285477
242417
1756727
391409
1654268
1358071
2418164
2167413
337217
1594978
1998673
1593823
2340881
392878
1471629
1901834
1641213
1519355
2287563
2269057
1048624
616307
165288
1204667
174767
2440869
818554
263799
1821403
189653
2328512
286846
1181191
18216
1329009
1330671
2399876
1323351
2038558
19289
1311389
169259
748360
1989766
28039
1942078
167693
2324454
1852311
609911
957591
2342930
1335502
702829
1737878
1684749
42380
1343922
707124
561460
2195485
2592516
1633578
801669
1810822
1194465
219406
1926993
2384501
1419417
2467784
2087722
468834
258474
2531296
606276
1664044
316378
2411249
647538
236634
644638
1983066
1478112
2478582
1987742
1698774
1390906
1099878
2268839
2346925
1427226
1225317
762412
2629402
380344
900180
1984749
1802819
872853
278634
76625
455711
2290292
1692450
294482
45032
1037555
1892141
1417763
991411
1896934
1672017
562069
684907
2571924
1864592
316946
51142
1121814
183252
1106681
1241798
2578354
867532
117115
1401071
344377
270931
1517718
1462097
512722
2158566
1911726
53303
2332377
2262588
834700
266595
425075
1103615
2545151
1907648
718090
2169111
997397
1224354
1822864
1513647
1551815
360613
1291346
1898663
1789040
2501565
2501042
1889935
2456321
2146322
1867069
972301
128962
2487763
186011
141215
857633
331721
1513337
519437
788801
921902
938836
1577940
492287
1315801
2491076
284172
1625671
2507690
927899
1778612
659603
984538
2350973
2522709
2377918
233647
2239148
1986676
2467598
419556
2474427
599723
1213996
1325550
1217445
1517952
10083:
939390
1128494
2517616
1752856
1417447
2527611
464815
652692
2161939
2218833
813694
1430552
1256963
1886834
376589
1139743
2527168
458392
750646
894205
439535
582722
1371696
1271675
1237465
370622
2499730
2458694
27675
2162572
2626914
10084:
405427
1756658
872398
2271220
166456
1415218
8336
236368
1422520
1072752
643292
2188435
336674
1260180
136807
1407851
752731
345191
745565
2152889
1226029
1755011
897881
63053
644558
1764459
227494
1575511
1245452
884500
1140367
299926
434339
720958
1184111
2614696
1915438
2451959
180222
1121775
396526
780444
2251346
1447720
10085:
703763
940556
2337151
2392090
1124270
1591560
54355
2220597
449440
40391
10086:
959126
2219036
10087:
375337
1049398
94719
157954
1480539
22133
1990078
162756
49355
2508097
2316429
605405
2379439
87909
431566
690000
10088:
1308505
1563881
158563
1048939
527634
2631668
1888501
1714428
1087650
109659
992679
1789926
415955
2326499
1113228
1628738
1913235
1472878
1050731
997332
1003143
1936544
1826689
2625943
1559911
980393
399689
2361532
37929
2025153
2478568
1088677
2576676
1714142
982776
516787
2325139
2393759
1995832
1865751
1614055
1457462
1556388
2335450
2594473
2181764
1982763
1875632
2302111
846574
2092301
1265878
1091833
453270
2539892
161964
777787
2191084
2438141
474247
692569
1385029
278223
349217
800638
843016
552159
1259166
2066795
1772940
397637
1763142
516433
2568024
76207
2484805
1192843
708785
2596315
2455437
1592001
1525552
671745
280962
2395053
2404849
272222
748801
121271
611287
731761
1463092
652297
359637
1079413
873369
2531020
2070536
741463
595799
1410211
2269323
2125714
1745000
809684
692230
879475
1350353
1072531
28346
359345
788441
1088013
438590
2039197
620850
624468
1381014
984002
1038814
405658
2139777
10089:
662823
1693997
1985602
2345955
1205751
1009:
771276
10090:
546726
1586837
332198
1379079
957953
1819779
1157016
2606628
571514
153301
1903095
2258395
642625
